0.010151 -299.960297 0.000005 0.000000 0.000000 0.000000 0.000000
0.016465 -299.138458 -0.011254 61.643836 -0.000000 0.000000 0.000000
0.021994 -297.494965 -0.042699 123.287671 0.000038 0.000000 0.000000
0.026377 -294.870148 -0.103681 184.931506 0.000144 0.000000 0.000000
0.031299 -290.854218 -0.256003 246.575338 0.000352 0.000000 0.000000
0.039230 -285.586365 -0.339081 308.219139 0.000880 0.000000 0.000000
0.043048 -279.255127 -0.474459 369.862960 0.001187 0.000000 0.000000
0.046430 -271.780212 -0.147778 431.506747 0.001699 0.000000 0.000000
0.053042 -263.201721 -0.232529 493.150295 0.000544 0.000000 0.000000
0.059029 -253.735001 0.424864 554.794102 0.000883 0.000000 0.000000
0.064036 -243.364487 0.576492 616.436123 -0.001674 0.000000 0.000000
0.067918 -232.108932 -0.253732 678.079810 -0.002369 0.000000 0.000000
0.073284 -219.911057 0.670578 739.719582 0.001093 0.000000 0.000000
0.078390 -206.716217 -0.106255 801.357071 -0.003049 0.000000 0.000000
0.080850 -192.530716 1.140576 862.995819 0.000514 0.000000 0.000000
0.086039 -177.289810 1.888229 924.621769 -0.005924 0.000000 0.000000
0.092198 -160.832474 0.808536 986.255279 -0.010650 0.000000 0.000000
0.098245 -143.084579 1.474520 1047.883523 -0.005027 0.000000 0.000000
0.101951 -125.800652 -0.252130 986.225093 -0.010305 0.000000 0.000000
0.123060 -109.087204 0.555944 924.506546 0.002004 0.000000 0.000000
0.128142 -93.415123 0.680761 862.839405 -0.005096 0.000000 0.000000
0.133382 -79.271416 -0.265192 801.193498 -0.007287 0.000000 0.000000
0.139162 -66.320862 0.856328 739.504374 0.003345 0.000000 0.000000
0.142909 -54.198895 -0.318173 677.762824 -0.012911 0.000000 0.000000
0.149326 -43.115528 0.624168 615.999452 0.005870 0.000000 0.000000
0.155575 -33.226433 0.711217 554.228121 -0.014476 0.000000 0.000000
0.161090 -25.349037 -0.320897 430.927156 -0.021402 0.000000 0.000000
0.166477 -18.706234 0.404175 369.033384 0.012658 0.000000 0.000000
0.169189 -13.550201 -0.363357 297.106300 -0.021603 0.000000 0.000000
0.174280 -10.353333 0.181204 193.559762 0.026809 0.000000 0.000000
0.179843 -8.721932 0.455427 94.782833 -0.017500 0.000000 0.000000
0.184192 -7.218706 -0.065537 103.333141 -0.052169 0.000000 0.000000
0.189450 -7.384252 -0.215444 24.930166 0.009078 0.000000 0.000000
0.194414 -7.322392 -0.450512 52.612978 0.029168 0.000000 0.000000
0.200481 -6.987380 -0.407787 69.183038 0.061448 0.000000 0.000000
0.205757 -6.944907 -0.304333 77.393976 0.058294 0.000000 0.000000
0.211227 -7.947458 -0.151753 9.280824 0.043793 0.000000 0.000000
split
0.003452 -8.053645 -0.232657 70.795510 -0.123229 1977.000000 -246.000000
0.009593 -7.692908 -0.471681 132.439345 -0.123182 1977.000000 -246.000000
0.015894 -6.347218 -0.803644 194.083180 -0.123086 1977.000000 -246.000000
0.019212 -3.234994 -1.337127 255.727015 -0.123003 1977.000000 -246.000000
0.025256 1.327423 -2.026597 317.370850 -0.122929 1977.000000 -246.000000
0.030756 6.836470 -2.805860 379.014685 -0.122867 1977.000000 -246.000000
0.036882 13.469194 -3.783433 440.658520 -0.122817 1977.000000 -246.000000
0.042943 21.156708 -4.952378 502.302354 -0.122738 1977.000000 -246.000000
0.048362 30.015705 -5.973691 563.946187 -0.122626 1977.000000 -246.000000
0.052296 39.999104 -7.293261 625.590022 -0.122662 1977.000000 -246.000000
0.057946 51.140316 -8.718547 687.233857 -0.122617 1977.000000 -246.000000
0.062990 63.333092 -10.436304 748.877692 -0.122590 1977.000000 -246.000000
0.068323 76.605865 -12.310913 810.521523 -0.122479 1977.000000 -246.000000
0.074101 90.978546 -14.359468 872.165353 -0.122354 1977.000000 -246.000000
0.093271 106.477341 -16.408697 933.809179 -0.122208 1977.000000 -246.000000
0.097134 123.093536 -18.563774 995.453012 -0.122131 1977.000000 -246.000000
0.101644 140.814468 -20.699478 1057.096846 -0.122069 1977.000000 -246.000000
0.106196 159.605576 -22.982763 1118.740681 -0.122090 1977.000000 -246.000000
0.109702 179.456497 -25.288792 1180.384517 -0.122102 1977.000000 -246.000000
0.115101 200.336792 -27.766119 1242.028349 -0.122173 1977.000000 -246.000000
0.119875 222.249298 -30.274643 1303.672183 -0.122221 1977.000000 -246.000000
0.126213 245.165863 -32.969021 1365.316012 -0.122324 1977.000000 -246.000000
0.131809 269.096466 -35.710644 1426.959844 -0.122394 1977.000000 -246.000000
0.137306 294.015900 -38.657539 1488.603670 -0.122511 1977.000000 -246.000000
0.141471 319.848969 -41.573570 1550.247502 -0.122582 1977.000000 -246.000000
0.148286 346.621429 -44.696606 1611.891318 -0.122740 1977.000000 -246.000000
0.153582 374.392883 -47.864555 1673.535144 -0.122849 1977.000000 -246.000000
0.159776 403.152710 -51.281742 1735.178958 -0.123009 1977.000000 -246.000000
0.166615 432.935822 -54.782810 1796.822788 -0.123096 1977.000000 -246.000000
0.170165 463.724152 -58.535915 1858.466611 -0.123213 1977.000000 -246.000000
0.173838 495.543427 -62.359627 1920.110445 -0.123252 1977.000000 -246.000000
0.179967 528.360779 -66.436203 1981.754275 -0.123330 1977.000000 -246.000000
0.184537 562.194763 -70.558540 2043.398110 -0.123324 1977.000000 -246.000000
0.190838 597.012146 -74.928658 2105.041943 -0.123374 1977.000000 -246.000000
0.197014 632.837402 -79.320221 2166.685778 -0.123337 1977.000000 -246.000000
0.200172 669.493469 -85.084099 2228.329612 -0.123373 1977.000000 -246.000000
0.205195 707.398193 -88.946213 2289.972509 -0.122455 1977.000000 -246.000000
0.210726 746.080200 -94.797485 2351.615900 -0.123078 1977.000000 -246.000000
0.216374 785.981689 -98.906143 2413.258880 -0.122225 1977.000000 -246.000000
0.221506 826.832947 -103.447891 2474.902197 -0.122880 1977.000000 -246.000000
0.226491 868.489868 -109.497612 2536.545802 -0.123312 1977.000000 -246.000000
0.232367 911.340942 -114.025864 2598.188851 -0.122524 1977.000000 -246.000000
0.238029 954.990723 -120.257233 2659.832064 -0.123215 1977.000000 -246.000000
0.242623 999.796570 -125.215324 2721.475058 -0.122420 1977.000000 -246.000000
0.246308 1045.583740 -130.353165 2783.118468 -0.122979 1977.000000 -246.000000
0.269870 1090.592773 -136.443573 2721.474209 -0.123530 1977.000000 -246.000000
0.274036 1135.112549 -141.225021 2659.829951 -0.122972 1977.000000 -246.000000
0.280457 1178.258301 -147.121201 2598.185169 -0.123816 1977.000000 -246.000000
0.286528 1219.742920 -151.649979 2536.540786 -0.123167 1977.000000 -246.000000
0.290241 1259.723145 -156.452087 2474.896160 -0.123956 1977.000000 -246.000000
0.295914 1298.786743 -160.988953 2413.252250 -0.124202 1977.000000 -246.000000
0.302818 1336.676270 -165.731064 2351.608120 -0.124695 1977.000000 -246.000000
0.308963 1373.359619 -170.070358 2289.964284 -0.124706 1977.000000 -246.000000
0.315361 1408.712891 -174.611969 2228.320244 -0.125129 1977.000000 -246.000000
0.321391 1442.818481 -178.674026 2166.676379 -0.124965 1977.000000 -246.000000
0.328748 1475.621094 -182.880051 2105.032361 -0.125375 1977.000000 -246.000000
0.338557 1507.231934 -186.661407 2043.388505 -0.125234 1977.000000 -246.000000
0.347125 1537.622803 -190.599167 1981.744493 -0.125649 1977.000000 -246.000000
0.359262 1566.911377 -194.131058 1920.100609 -0.125428 1977.000000 -246.000000
0.365744 1595.069092 -197.816208 1858.456629 -0.125814 1977.000000 -246.000000
0.371716 1622.202393 -201.107544 1796.812699 -0.125495 1977.000000 -246.000000
0.375853 1647.458496 -204.437424 1673.524908 -0.125861 1977.000000 -246.000000
0.381490 1671.746704 -207.362701 1611.880938 -0.125460 1977.000000 -246.000000
0.387353 1694.945190 -210.327438 1550.236943 -0.125905 1977.000000 -246.000000
0.392236 1716.992065 -212.963577 1488.593100 -0.125806 1977.000000 -246.000000
0.397064 1738.202881 -215.785324 1426.949017 -0.126382 1977.000000 -246.000000
0.401384 1758.666626 -218.297485 1365.304987 -0.125860 1977.000000 -246.000000
0.406905 1777.977539 -220.889221 1303.661069 -0.126207 1977.000000 -246.000000
0.414892 1796.250000 -223.130554 1242.016914 -0.125507 1977.000000 -246.000000
0.421032 1813.475952 -225.425415 1180.373002 -0.125857 1977.000000 -246.000000
0.424089 1829.739380 -227.393768 1118.728882 -0.125162 1977.000000 -246.000000
0.430361 1845.010376 -229.426804 1057.084895 -0.125683 1977.000000 -246.000000
0.457375 1859.355713 -231.158463 995.440744 -0.124911 1977.000000 -246.000000
0.460998 1872.739136 -232.937439 933.796739 -0.125493 1977.000000 -246.000000
0.465552 1885.211792 -234.437393 872.152562 -0.124638 1977.000000 -246.000000
0.471566 1896.733765 -235.961777 810.508529 -0.125310 1977.000000 -246.000000
0.475157 1907.343750 -237.229095 748.864369 -0.124416 1977.000000 -246.000000
0.479963 1917.003174 -238.500183 687.220268 -0.125258 1977.000000 -246.000000
0.485895 1925.742065 -239.537170 625.576155 -0.124359 1977.000000 -246.000000
0.491393 1933.526245 -240.557465 563.931965 -0.125423 1977.000000 -246.000000
0.496674 1940.380493 -241.366760 502.287911 -0.124543 1977.000000 -246.000000
0.502240 1946.276978 -242.138000 440.643644 -0.125855 1977.000000 -246.000000
0.506194 1951.235229 -242.721191 378.999664 -0.125048 1977.000000 -246.000000
0.512646 1955.234253 -243.243744 317.355385 -0.126579 1977.000000 -246.000000
0.517181 1958.289185 -243.600922 255.711489 -0.125962 1977.000000 -246.000000
0.521132 1960.311401 -243.863739 188.475220 -0.127523 1977.000000 -246.000000
0.525898 1962.742065 -244.154739 229.406840 -0.127315 1977.000000 -246.000000
0.531460 1963.870239 -244.285278 142.236948 -0.128705 1977.000000 -246.000000
0.536712 1965.402710 -244.412262 165.892099 -0.129863 1977.000000 -246.000000
0.541974 1966.061768 -244.443832 79.750792 -0.136060 1977.000000 -246.000000
0.547273 1966.739014 -244.467041 105.090564 -0.141320 1977.000000 -246.000000
0.552234 1967.468018 -244.526535 120.086656 -0.148300 1977.000000 -246.000000
0.557345 1967.159180 -244.429306 40.584502 -0.153367 1977.000000 -246.000000
0.561968 1967.466553 -244.473663 72.160774 -0.158275 1977.000000 -246.000000
0.566545 1968.277222 -244.609009 92.967048 -0.158756 1977.000000 -246.000000
0.572106 1968.756958 -244.735916 102.749304 -0.158135 1977.000000 -246.000000
0.579525 1968.627441 -244.758011 26.541946 -0.152166 1977.000000 -246.000000
0.585537 1969.341919 -244.911530 57.368612 -0.147267 1977.000000 -246.000000
0.590338 1969.976807 -245.041153 74.012494 -0.141188 1977.000000 -246.000000
0.595750 1969.462646 -245.007141 7.362761 -0.135687 1977.000000 -246.000000
split
0.021219 1968.577637 -245.302567 55.003732 -2.830515 -329.000000 -984.000000
0.025539 1967.142212 -245.742004 116.647568 -2.830519 -329.000000 -984.000000
0.029400 1964.350952 -245.896210 178.291403 -2.830511 -329.000000 -984.000000
0.035314 1960.830933 -245.737839 239.935231 -2.830217 -329.000000 -984.000000
0.041687 1957.134033 -245.290527 301.579036 -2.829706 -329.000000 -984.000000
0.047668 1953.271362 -244.405029 363.222808 -2.829057 -329.000000 -984.000000
0.051659 1949.205444 -243.150024 424.866513 -2.828210 -329.000000 -984.000000
0.056661 1944.957275 -241.522278 486.510127 -2.827189 -329.000000 -984.000000
0.062414 1940.305420 -240.630447 548.153614 -2.825992 -329.000000 -984.000000
0.068482 1935.097168 -240.534164 609.797198 -2.825033 -329.000000 -984.000000
0.072628 1929.046509 -241.543488 671.440876 -2.824314 -329.000000 -984.000000
0.077780 1922.059082 -244.134338 733.084660 -2.823923 -329.000000 -984.000000
0.083351 1914.424438 -246.880707 794.728491 -2.824041 -329.000000 -984.000000
0.088812 1906.281616 -248.301773 856.372323 -2.824136 -329.000000 -984.000000
0.094072 1897.524048 -250.593948 918.016049 -2.823630 -329.000000 -984.000000
0.099506 1888.022461 -253.900269 979.659858 -2.823391 -329.000000 -984.000000
0.103038 1877.577148 -258.319336 1041.303691 -2.823463 -329.000000 -984.000000
0.107428 1866.054077 -266.234497 1102.947443 -2.823863 -329.000000 -984.000000
0.113551 1853.518311 -274.496582 1164.589691 -2.825560 -329.000000 -984.000000
0.118938 1840.083984 -283.015137 1226.231795 -2.827284 -329.000000 -984.000000
0.121633 1825.626953 -290.797699 1287.873792 -2.829016 -329.000000 -984.000000
0.126893 1809.804810 -296.144409 1349.516526 -2.830324 -329.000000 -984.000000
0.132358 1792.691528 -300.122375 1411.160354 -2.830432 -329.000000 -984.000000
0.138523 1774.476196 -304.197845 1472.803890 -2.829781 -329.000000 -984.000000
0.141608 1755.207520 -309.370178 1534.447285 -2.829007 -329.000000 -984.000000
0.147030 1735.255127 -317.575317 1596.090960 -2.828549 -329.000000 -984.000000
0.152570 1714.197144 -325.401550 1657.734327 -2.829315 -329.000000 -984.000000
0.158641 1692.352173 -333.708618 1719.377991 -2.829771 -329.000000 -984.000000
0.162030 1668.722900 -339.538391 1781.021550 -2.830338 -329.000000 -984.000000
0.167026 1643.972534 -345.582825 1842.664810 -2.829535 -329.000000 -984.000000
0.172327 1618.176270 -352.406708 1904.307915 -2.828644 -329.000000 -984.000000
0.175041 1591.213989 -359.692383 1965.951274 -2.827936 -329.000000 -984.000000
0.179839 1563.179932 -367.796783 2027.594644 -2.827249 -329.000000 -984.000000
0.207142 1533.869385 -376.041565 2089.238244 -2.826766 -329.000000 -984.000000
0.209889 1503.326782 -384.625977 2150.881663 -2.826135 -329.000000 -984.000000
0.214580 1470.508789 -390.938080 2212.524999 -2.825453 -329.000000 -984.000000
0.220725 1437.396973 -400.143311 2274.163388 -2.823234 -329.000000 -984.000000
0.226071 1401.935913 -407.033813 2335.806360 -2.822362 -329.000000 -984.000000
0.231848 1365.343872 -414.597931 2397.442816 -2.819849 -329.000000 -984.000000
0.237174 1328.035645 -423.552521 2459.079403 -2.817390 -329.000000 -984.000000
0.239635 1288.559814 -430.045288 2520.718603 -2.815448 -329.000000 -984.000000
0.244381 1248.512573 -438.357941 2582.344239 -2.811648 -329.000000 -984.000000
0.250242 1207.753174 -448.164856 2643.975971 -2.808586 -329.000000 -984.000000
0.255107 1165.789429 -458.257996 2705.611597 -2.806094 -329.000000 -984.000000
0.259262 1123.129272 -470.072845 2767.245537 -2.803390 -329.000000 -984.000000
0.264607 1079.180420 -481.907562 2828.884094 -2.801436 -329.000000 -984.000000
0.271002 1034.049683 -493.968048 2890.520149 -2.799091 -329.000000 -984.000000
0.276859 987.905029 -506.653381 2952.154054 -2.796470 -329.000000 -984.000000
0.282073 941.588745 -519.797729 2952.143899 -2.793847 -329.000000 -984.000000
0.287251 895.192505 -533.518921 2952.134431 -2.791314 -329.000000 -984.000000
0.293664 849.009033 -547.981384 2952.126449 -2.788989 -329.000000 -984.000000
0.298313 803.262451 -563.194031 2952.121166 -2.787097 -329.000000 -984.000000
0.305854 757.753723 -579.170776 2952.118535 -2.785762 -329.000000 -984.000000
0.311392 712.244751 -595.737610 2952.117689 -2.785005 -329.000000 -984.000000
0.314724 666.832947 -612.656860 2952.117533 -2.784679 -329.000000 -984.000000
0.320922 622.338074 -629.458313 2890.473697 -2.784667 -329.000000 -984.000000
0.326496 578.796631 -646.059265 2828.829807 -2.784860 -329.000000 -984.000000
0.328963 536.491882 -662.302734 2767.185786 -2.785222 -329.000000 -984.000000
0.335241 495.695129 -678.041565 2705.541602 -2.785724 -329.000000 -984.000000
0.342036 456.207947 -693.311584 2643.897258 -2.786337 -329.000000 -984.000000
0.363227 417.743164 -708.140564 2582.252785 -2.787032 -329.000000 -984.000000
0.367259 380.354767 -722.467224 2520.608327 -2.787726 -329.000000 -984.000000
0.372571 344.065338 -736.269104 2458.963977 -2.788365 -329.000000 -984.000000
0.377894 308.525238 -748.641968 2397.319767 -2.788917 -329.000000 -984.000000
0.381192 274.343262 -761.217407 2335.674785 -2.787939 -329.000000 -984.000000
0.385645 240.854935 -772.403503 2274.030944 -2.787875 -329.000000 -984.000000
0.391122 208.728363 -783.995361 2212.383342 -2.786055 -329.000000 -984.000000
0.396999 177.612411 -795.175171 2150.739171 -2.785504 -329.000000 -984.000000
0.401378 147.617279 -806.310303 2089.094834 -2.784822 -329.000000 -984.000000
0.407370 118.501717 -816.845459 2027.450992 -2.784740 -329.000000 -984.000000
0.413569 90.434578 -827.285034 1965.806758 -2.784113 -329.000000 -984.000000
0.418268 63.186588 -837.065552 1904.162914 -2.784020 -329.000000 -984.000000
0.423640 36.969296 -846.783875 1842.518315 -2.783125 -329.000000 -984.000000
0.428972 11.589684 -855.952759 1780.874422 -2.782876 -329.000000 -984.000000
0.434395 -12.766825 -865.078918 1719.229877 -2.781983 -329.000000 -984.000000
0.439116 -36.290123 -873.671875 1657.586035 -2.781897 -329.000000 -984.000000
0.444985 -58.801167 -882.199158 1595.941724 -2.781140 -329.000000 -984.000000
0.450972 -80.478500 -890.194092 1534.297873 -2.781277 -329.000000 -984.000000
0.4544