0.022127 -2169.203613 2.988292 0.000000 0.000000 0.000000 0.000000
0.035501 -2168.381836 2.975901 61.643836 -0.001378 0.000000 0.000000
0.052024 -2166.738281 2.942138 123.287671 -0.001372 0.000000 0.000000
0.066607 -2164.113770 2.877129 184.931507 -0.001358 0.000000 0.000000
0.081278 -2160.098145 2.718380 246.575342 -0.001329 0.000000 0.000000
0.098127 -2154.830566 2.625010 308.219177 -0.001258 0.000000 0.000000
0.110962 -2148.569092 2.494241 369.863013 -0.001218 0.000000 0.000000
0.127451 -2141.210693 2.808709 431.506848 -0.001161 0.000000 0.000000
0.141893 -2132.722412 2.709510 493.150678 -0.001312 0.000000 0.000000
0.156256 -2123.316650 3.344974 554.794514 -0.001270 0.000000 0.000000
0.170664 -2112.985840 3.490697 616.438323 -0.001575 0.000000 0.000000
0.187146 -2101.753662 2.661941 678.082157 -0.001652 0.000000 0.000000
0.201623 -2089.565674 3.558570 739.725943 -0.001267 0.000000 0.000000
0.216087 -2076.372559 2.797879 801.369708 -0.001703 0.000000 0.000000
0.232610 -2062.182129 4.013942 863.013493 -0.001347 0.000000 0.000000
0.247009 -2046.935059 4.788475 924.657173 -0.001946 0.000000 0.000000
0.261440 -2030.632446 3.994738 986.300938 -0.002339 0.000000 0.000000
0.277925 -2013.291870 5.083004 1047.944705 -0.001967 0.000000 0.000000
0.292386 -1994.864258 3.965194 1109.588378 -0.002525 0.000000 0.000000
0.306824 -1975.346680 4.762097 1171.232053 -0.001988 0.000000 0.000000
0.321221 -1954.708984 5.216617 1232.875784 -0.002411 0.000000 0.000000
0.337661 -1932.971924 4.382930 1294.519579 -0.002669 0.000000 0.000000
0.352103 -1910.140137 5.412738 1356.163310 -0.002267 0.000000 0.000000
0.366582 -1886.184570 4.281659 1417.806928 -0.002834 0.000000 0.000000
0.380982 -1861.177979 5.079113 1479.450539 -0.002270 0.000000 0.000000
0.397657 -1835.151855 5.156271 1541.094219 -0.002729 0.000000 0.000000
0.412067 -1808.127075 5.018968 1602.738049 -0.002810 0.000000 0.000000
0.426504 -1780.105957 6.238170 1664.381884 -0.002776 0.000000 0.000000
0.440943 -1751.091675 5.129964 1726.025278 -0.003504 0.000000 0.000000
0.457421 -1721.057129 6.090975 1787.668828 -0.002930 0.000000 0.000000
0.471792 -1690.046997 4.988226 1849.312332 -0.003539 0.000000 0.000000
0.486206 -1658.047607 4.363867 1910.955848 -0.002952 0.000000 0.000000
0.500677 -1625.063965 4.183030 1972.599586 -0.002632 0.000000 0.000000
0.517284 -1591.088623 3.974864 2034.243419 -0.002574 0.000000 0.000000
0.531964 -1556.134521 5.134011 2095.887248 -0.002498 0.000000 0.000000
0.546159 -1520.183472 4.236760 2157.530412 -0.003299 0.000000 0.000000
0.562582 -1483.215576 5.200655 2219.173964 -0.002787 0.000000 0.000000
0.576814 -1445.256714 4.108484 2280.817226 -0.003506 0.000000 0.000000
0.591127 -1406.302368 3.361922 2342.460559 -0.002843 0.000000 0.000000
0.605516 -1366.362671 4.101180 2404.104155 -0.002391 0.000000 0.000000
0.622004 -1325.425049 3.037606 2465.747542 -0.003002 0.000000 0.000000
0.636440 -1283.474365 3.753121 2527.390757 -0.002292 0.000000 0.000000
0.650816 -1240.537109 2.886302 2589.034087 -0.002924 0.000000 0.000000
0.667285 -1196.601074 2.157159 2650.677461 -0.002327 0.000000 0.000000
0.681719 -1151.674805 2.625849 2712.320932 -0.001803 0.000000 0.000000
0.696198 -1105.752075 1.715294 2773.964459 -0.002280 0.000000 0.000000
0.712667 -1058.826538 2.140290 2835.607558 -0.001551 0.000000 0.000000
0.727113 -1010.913391 2.023422 2897.251080 -0.002021 0.000000 0.000000
0.741540 -963.644531 1.066945 2835.607244 -0.002002 0.000000 0.000000
0.756064 -917.030823 1.303505 2773.962274 -0.001107 0.000000 0.000000
0.772652 -871.645325 0.565746 2712.318302 -0.001421 0.000000 0.000000
0.787118 -828.098083 0.276980 2650.673657 -0.000649 0.000000 0.000000
0.801788 -786.015503 -0.034237 2589.029690 -0.000334 0.000000 0.000000
0.816237 -744.883728 -0.031666 2527.385670 0.000044 0.000000 0.000000
0.830686 -704.894165 -0.294067 2465.741834 0.000043 0.000000 0.000000
0.847152 -666.155273 -0.188058 2404.097825 0.000417 0.000000 0.000000
0.861575 -628.711609 -0.401834 2342.453968 0.000282 0.000000 0.000000
0.876028 -592.568604 -1.185634 2280.809983 0.000639 0.000000 0.000000
0.892607 -557.695496 -0.438792 2219.164033 0.002001 0.000000 0.000000
0.907010 -524.087341 -1.315166 2157.518562 0.000787 0.000000 0.000000
0.921528 -491.660400 -0.401512 2095.871525 0.002509 0.000000 0.000000
0.935931 -460.377106 -0.358799 2034.224687 0.000817 0.000000 0.000000
0.952461 -430.192261 -1.190017 1972.580850 0.000779 0.000000 0.000000
0.966830 -401.885132 -0.180277 1849.289285 0.002766 0.000000 0.000000
0.981254 -374.657654 -1.166143 1787.640482 0.000449 0.000000 0.000000
0.995596 -348.519653 -0.292724 1725.990304 0.003113 0.000000 0.000000
1.012097 -323.593323 -0.279484 1664.342011 0.000840 0.000000 0.000000
1.026466 -299.493195 -1.223139 1602.698175 0.000864 0.000000 0.000000
1.040844 -276.148468 -0.114523 1541.046029 0.004084 0.000000 0.000000
1.057334 -253.987152 -1.121208 1479.391819 0.000415 0.000000 0.000000
1.071855 -232.859055 0.023943 1417.736150 0.004414 0.000000 0.000000
1.086249 -212.739700 0.205421 1356.077850 -0.000103 0.000000 0.000000
1.100724 -193.598511 -0.657446 1294.433510 -0.000966 0.000000 0.000000
1.117008 -175.405487 0.472526 1232.777362 0.003396 0.000000 0.000000
1.131347 -158.245209 -0.524992 1171.110667 -0.002694 0.000000 0.000000
1.145700 -142.001923 0.529970 1109.445671 0.003318 0.000000 0.000000
1.162228 -126.690063 0.673554 1047.774267 -0.003732 0.000000 0.000000
1.176617 -112.307526 -0.188496 986.129116 -0.005317 0.000000 0.000000
1.190968 -98.837608 0.792473 924.461156 0.001678 0.000000 0.000000
1.205393 -86.402634 -0.151918 862.773864 -0.008018 0.000000 0.000000
1.221936 -74.885086 0.716533 801.088801 0.001758 0.000000 0.000000
1.236365 -64.309250 0.789886 739.393581 -0.009568 0.000000 0.000000
1.252793 -54.674847 -0.015065 677.747022 -0.012282 0.000000 0.000000
1.267183 -45.957451 0.983812 616.049750 0.000276 0.000000 0.000000
1.281537 -38.296791 0.190459 554.261151 -0.021404 0.000000 0.000000
1.296357 -31.516041 0.781383 492.542502 -0.004973 0.000000 0.000000
1.310733 -25.632143 0.753353 430.801976 -0.024788 0.000000 0.000000
1.327036 -20.713562 -0.155103 369.153593 -0.029383 0.000000 0.000000
1.341532 -16.727417 0.398428 307.258868 0.007488 0.000000 0.000000
1.357911 -14.079288 -0.105831 224.517264 -0.023814 0.000000 0.000000
1.372254 -12.667523 0.360099 136.564495 0.007517 0.000000 0.000000
1.386712 -11.099689 0.568555 157.705643 -0.028419 0.000000 0.000000
1.401157 -10.824183 0.092256 71.579881 -0.051178 0.000000 0.000000
1.415469 -10.262420 -0.116857 97.962462 -0.008523 0.000000 0.000000
1.432140 -9.254348 -0.402711 114.319721 0.011386 0.000000 0.000000
1.446726 -9.587926 -0.371824 35.808759 0.043488 0.000000 0.000000
1.461305 -9.429067 -0.322277 67.499744 0.038761 0.000000 0.000000
1.477842 -8.800464 -0.122243 88.698554 0.034166 0.000000 0.000000
1.492254 -8.492119 -0.146384 99.721202 0.013890 0.000000 0.000000
1.506654 -8.859902 -0.163364 24.813374 0.017236 0.000000 0.000000
1.523078 -8.428691 -0.170274 57.548963 0.018436 0.000000 0.000000
1.537504 -7.998343 -0.165757 77.385405 0.020199 0.000000 0.000000
1.551952 -7.634514 -0.162879 87.930135 0.020721 0.000000 0.000000
1.566279 -7.756234 -0.143819 16.242553 0.021331 0.000000 0.000000
1.582799 -7.058458 -0.122346 48.507510 0.018540 0.000000 0.000000
1.597210 -6.390545 -0.099799 65.442849 0.017331 0.000000 0.000000
1.611609 -6.784407 -0.117421 2.147535 0.015615 0.000000 0.000000
split
0.014414 -5.947837 -0.088735 63.790710 0.040414 2395.000000 97.000000
0.030879 -4.049816 0.178169 125.434546 0.040416 2395.000000 97.000000
0.045199 -1.718739 0.256275 187.078381 0.040337 2395.000000 97.000000
0.059668 1.769012 0.496554 248.722217 0.040343 2395.000000 97.000000
0.076022 6.400334 0.653706 310.366052 0.040302 2395.000000 97.000000
0.090487 11.464843 0.709361 372.009888 0.040314 2395.000000 97.000000
0.104915 17.278252 0.831803 433.653723 0.040376 2395.000000 97.000000
0.119258 24.114437 2.088726 495.297558 0.040423 2395.000000 97.000000
0.135740 32.133659 2.717573 556.941351 0.040011 2395.000000 97.000000
0.150134 41.343891 3.402823 618.585182 0.039881 2395.000000 97.000000
0.164602 51.771782 4.041703 680.229012 0.039746 2395.000000 97.000000
0.181124 63.407623 4.391613 741.872845 0.039650 2395.000000 97.000000
0.195316 76.156685 6.526331 803.516679 0.039698 2395.000000 97.000000
0.209796 90.172874 6.449872 865.160317 0.038997 2395.000000 97.000000
0.224266 105.062370 8.169057 926.804121 0.039267 2395.000000 97.000000
0.240673 121.068039 8.016808 988.447844 0.038772 2395.000000 97.000000
0.255087 138.265533 6.514123 1050.091622 0.039112 2395.000000 97.000000
0.269426 156.523407 7.901845 1111.734972 0.040074 2395.000000 97.000000
0.283902 176.007751 7.772451 1173.378760 0.039782 2395.000000 97.000000
0.300342 196.497452 10.156029 1235.022498 0.040189 2395.000000 97.000000
0.314789 218.109039 11.863997 1296.666024 0.039481 2395.000000 97.000000
0.329169 240.867752 11.597324 1358.309760 0.039089 2395.000000 97.000000
0.345662 264.551697 13.513772 1419.953400 0.039625 2395.000000 97.000000
0.360002 289.405975 12.869570 1481.597087 0.039167 2395.000000 97.000000
0.374560 315.215027 14.573603 1543.240486 0.039934 2395.000000 97.000000
0.389008 342.101807 16.006287 1604.884241 0.039611 2395.000000 97.000000
0.405435 370.050049 17.171335 1666.528052 0.039433 2395.000000 97.000000
0.419848 399.039734 18.390497 1728.171886 0.039402 2395.000000 97.000000
0.434294 429.055298 19.438873 1789.815721 0.039364 2395.000000 97.000000
0.450662 460.029419 21.724440 1851.459552 0.039432 2395.000000 97.000000
0.465637 492.101044 21.888714 1913.103109 0.038883 2395.000000 97.000000
0.480171 525.111389 24.227709 1974.746635 0.039452 2395.000000 97.000000
0.496122 559.191223 24.490067 2036.390169 0.038898 2395.000000 97.000000
0.510629 594.240356 25.244545 2098.033664 0.039477 2395.000000 97.000000
0.525121 630.198059 27.676764 2159.677371 0.039826 2395.000000 97.000000
0.541380 667.230286 28.138103 2221.320862 0.039261 2395.000000 97.000000
0.555814 705.187012 30.667213 2282.964331 0.039835 2395.000000 97.000000
0.570243 744.199585 31.392113 2344.607755 0.039234 2395.000000 97.000000
0.584555 784.193237 32.387115 2406.251312 0.039722 2395.000000 97.000000
0.600882 825.106934 34.826805 2467.894984 0.040091 2395.000000 97.000000
0.615325 867.087341 35.577393 2529.538502 0.039583 2395.000000 97.000000
0.629725 910.003296 38.060650 2591.181888 0.040179 2395.000000 97.000000
0.644113 953.967224 39.096390 2652.825387 0.039669 2395.000000 97.000000
0.660618 998.922913 40.284355 2714.468903 0.040160 2395.000000 97.000000
0.675025 1044.820190 42.641239 2776.112473 0.040603 2395.000000 97.000000
0.689485 1091.739624 44.382427 2837.756124 0.040239 2395.000000 97.000000
0.705862 1139.648804 46.394310 2899.399942 0.040352 2395.000000 97.000000
0.720265 1188.560913 48.272522 2961.043772 0.040290 2395.000000 97.000000
0.736789 1237.648438 49.813736 2961.043763 0.040368 2395.000000 97.000000
0.751174 1286.906860 51.339863 2961.043548 0.040748 2395.000000 97.000000
0.765564 1336.019531 53.578144 2961.043269 0.041183 2395.000000 97.000000
0.780008 1383.915894 55.115318 2899.399373 0.040980 2395.000000 97.000000
0.796393 1430.736572 56.935272 2837.755280 0.041402 2395.000000 97.000000
0.810847 1476.480957 58.222870 2776.111422 0.041526 2395.000000 97.000000
0.825275 1520.708374 59.882362 2714.466971 0.042192 2395.000000 97.000000
0.839707 1563.578003 61.335613 2652.823059 0.042429 2395.000000 97.000000
0.854148 1605.327759 62.495651 2591.178966 0.042869 2395.000000 97.000000
0.870587 1645.809937 64.689888 2529.534307 0.043667 2395.000000 97.000000
0.884975 1685.067993 65.654518 2467.890065 0.043100 2395.000000 97.000000
0.899368 1723.009644 67.883583 2406.244935 0.044124 2395.000000 97.000000
0.913826 1759.737183 69.354401 2344.600285 0.043302 2395.000000 97.000000
0.930208 1795.284180 70.112549 2282.956408 0.043491 2395.000000 97.000000
0.945002 1829.603516 72.360489 2221.310605 0.044804 2395.000000 97.000000
0.959698 1862.839478 72.908180 2159.665028 0.043552 2395.000000 97.000000
0.974523 1894.922485 75.174423 2098.018111 0.045241 2395.000000 97.000000
0.989023 1925.987061 76.574814 2036.371509 0.043617 2395.000000 97.000000
1.005445 1956.065186 77.063377 1974.727664 0.043522 2395.000000 97.000000
1.019879 1985.067993 79.348579 1913.080385 0.045389 2395.000000 97.000000
1.034303 2013.121094 79.601387 1851.431238 0.043033 2395.000000 97.000000
1.050796 2040.125366 81.831139 1789.781634 0.045529 2395.000000 97.000000
1.065171 2065.383545 83.055527 1666.486892 0.042718 2395.000000 97.000000
1.079525 2089.726562 83.219215 1604.842897 0.042280 2395.000000 97.000000
1.095969 2112.933350 85.540710 1543.192626 0.045112 2395.000000 97.000000
1.110406 2135.064941 85.803055 1481.533110 0.040604 2395.000000 97.000000
1.124831 2156.382324 86.874184 1419.884845 0.043049 2395.000000 97.000000
1.139463 2176.922363 88.141975 1358.240719 0.042410 2395.000000 97.000000
1.153916 2196.303711 88.147957 1296.594650 0.040596 2395.000000 97.000000
1.170456 2214.479736 90.016861 1234.940828 0.044521 2395.000000 97.000000
1.184894 2231.597412 90.793610 1173.275810 0.038664 2395.000000 97.000000
1.199319 2247.720947 92.520012 1111.631686 0.037964 2395.000000 97.000000
1.213691 2262.947021 93.085327 1049.956126 0.030409 2395.000000 97.000000
1.230185 2277.270264 92.634636 988.311977 0.029636 2395.000000 97.000000
1.245018 2290.628662 93.927475 926.640887 0.037063 2395.000000 97.000000
1.261364 2303.031738 93.349884 864.970060 0.029430 2395.000000 97.000000
1.275575 2314.476807 94.675529 803.280892 0.039668 2395.000000 97.000000
1.290037 2325.025635 95.174835 741.590131 0.028859 2395.000000 97.000000
1.304432 2334.682129 94.749290 679.943427 0.026077 2395.000000 97.000000
1.320982 2343.366455 96.075294 618.256798 0.037297 2395.000000 97.000000
1.335393 2351.072754 95.576035 556.496745 0.017907 2395.000000 97.000000
1.349698 2357.853027 96.417610 494.794425 0.032405 2395.000000 97.000000
1.365961 2363.764648 96.628265 433.081359 0.015677 2395.000000 97.000000
1.380311 2368.748779 95.929642 371.434436 0.011901 2395.000000 97.000000
1.394720 2372.747803 96.630844 309.636028 0.040751 2395.000000 97.000000
1.409116 2375.730957 96.248672 247.901807 0.016588 2395.000000 97.000000
1.425659 2377.746094 96.815430 182.831097 0.038972 2395.000000 97.000000
1.440025 2380.269775 97.113380 227.010340 0.010697 2395.000000 97.000000
1.454455 2381.657227 96.651054 141.887063 -0.007697 2395.000000 97.000000
1.470927 2383.438477 96.525993 166.203145 0.026146 2395.000000 97.000000
1.485671 2384.286133 96.178528 79.517309 0.040976 2395.000000 97.000000
1.500533 2385.048340 96.306992 103.432051 0.076524 2395.000000 97.000000
1.515091 2385.614746 96.425102 116.582936 0.069525 2395.000000 97.000000
1.529545 2385.001709 96.678528 37.667265 0.061179 2395.000000 97.000000
1.546059 2384.980225 96.739441 70.224463 0.032142 2395.000000 97.000000
1.560725 2385.578369 96.611496 93.351958 0.025999 2395.000000 97.000000
1.575309 2385.978027 96.743538 106.419727 0.041212 2395.000000 97.000000
1.589797 2385.886963 96.596161 30.073448 0.028419 2395.000000 97.000000
1.604327 2386.661377 96.749443 61.938807 0.044285 2395.000000 97.000000
1.620702 2387.364502 96.820274 79.811513 0.030039 2395.000000 97.000000
1.635144 2387.881592 96.719139 87.413400 0.023534 2395.000000 97.000000
1.649499 2387.880127 96.820267 15.373266 0.039435 2395.000000 97.000000
1.666021 2388.740967 96.739822 45.958805 0.025239 2395.000000 97.000000
1.680787 2389.552490 96.850113 60.217725 0.041544 2395.000000 97.000000
1.695396 2389.321533 96.842957 0.747519 -3.114085 2395.000000 97.000000
split
0.014404 2388.810303 97.365616 62.201463 2.440295 -345.000000 2406.000000
0.030883 2387.745850 98.365540 123.845298 2.440315 -345.000000 2406.000000
0.043329 2385.423828 99.685448 185.489134 2.440336 -345.000000 2406.000000
0.059804 2382.126953 100.997810 247.132968 2.440199 -345.000000 2406.000000
0.074208 2378.395752 102.272217 308.776791 2.439884 -345.000000 2406.000000
0.090820 2374.233887 103.231018 370.420602 2.439482 -345.000000 2406.000000
0.105228 2369.676270 103.860779 432.064382 2.438933 -345.000000 2406.000000
0.119651 2364.756348 104.143745 493.708114 2.438241 -345.000000 2406.000000
0.134131 2359.760742 105.239288 555.351777 2.437406 -345.000000 2406.000000
0.148685 2354.675049 107.331917 616.995486 2.436731 -345.000000 2406.000000
0.165078 2349.372803 110.835037 678.639251 2.436251 -345.000000 2406.000000
0.179786 2343.945557 116.244148 740.283070 2.436033 -345.000000 2406.000000
0.194265 2337.435791 120.486794 801.926895 2.436203 -345.000000 2406.000000
0.208724 2330.613281 125.545372 863.570699 2.435922 -345.000000 2406.000000
0.223135 2323.525635 131.698563 925.214524 2.435758 -345.000000 2406.000000
0.239601 2316.096191 139.118484 986.858359 2.435783 -345.000000 2406.000000
0.253996 2309.089111 150.159500 1048.502167 2.436020 -345.000000 2406.000000
0.270498 2301.388916 162.153519 1110.145358 2.437128 -345.000000 2406.000000
0.284944 2292.874023 174.618698 1171.788399 2.438325 -345.000000 2406.000000
0.299373 2283.440918 187.338516 1233.431449 2.439483 -345.000000 2406.000000
0.313744 2272.646484 199.604279 1295.074602 2.440535 -345.000000 2406.000000
0.330364 2260.227539 211.107819 1356.718116 2.441239 -345.000000 2406.000000
0.344977 2246.168213 221.912170 1418.361915 2.441472 -345.000000 2406.000000
0.359237 2230.267090 231.898300 1480.005712 2.441237 -345.000000 2406.000000
0.375818 2214.091553 243.646439 1541.649103 2.440462 -345.000000 2406.000000
0.390168 2197.810547 257.710449 1603.292793 2.440026 -345.000000 2406.000000
0.404559 2181.498535 274.112854 1664.936624 2.440097 -345.000000 2406.000000
0.418984 2164.024902 290.908844 1726.580154 2.440703 -345.000000 2406.000000
0.433500 2145.684570 308.235443 1788.223793 2.441180 -345.000000 2406.000000
0.449721 2124.456299 323.945709 1849.867457 2.441619 -345.000000 2406.000000
0.464160 2100.523682 338.417297 1911.511049 2.441105 -345.000000 2406.000000
0.478614 2077.818115 356.342834 1973.153110 2.439743 -345.000000 2406.000000
0.495044 2054.018311 375.081146 2034.796854 2.439437 -345.000000 2406.000000
0.509460 2029.443604 395.021301 2096.440572 2.439098 -345.000000 2406.000000
0.523857 2004.261597 416.179016 2158.084361 2.438886 -345.000000 2406.000000
0.540340 1977.664551 437.679932 2219.728195 2.438844 -345.000000 2406.000000
0.554841 1947.234253 457.008209 2281.371957 2.438586 -345.000000 2406.000000
0.569214 1916.909668 478.386322 2343.012732 2.436949 -345.000000 2406.000000
0.585709 1886.454468 501.470276 2404.655074 2.435819 -345.000000 2406.000000
0.600132 1853.318481 523.400696 2466.298243 2.435074 -345.000000 2406.000000
0.614550 1821.316162 548.466309 2527.938643 2.433405 -345.000000 2406.000000
0.628958 1788.181152 574.042908 2589.581988 2.432782 -345.000000 2406.000000
0.645416 1753.849365 600.088684 2651.225065 2.432017 -345.000000 2406.000000
0.659780 1719.452637 627.896362 2712.867724 2.431075 -345.000000 2406.000000
0.674272 1683.303467 655.585510 2774.511224 2.430577 -345.000000 2406.000000
0.688717 1646.473022 684.332581 2836.153742 2.429603 -345.000000 2406.000000
0.705211 1609.018433 714.121948 2897.796496 2.428729 -345.000000 2406.000000
0.719595 1570.887695 744.889465 2959.439498 2.427971 -345.000000 2406.000000
0.734039 1533.330566 776.750122 2959.438834 2.427301 -345.000000 2406.000000
0.750463 1495.557739 808.698853 2959.438766 2.427088 -345.000000 2406.000000
0.765267 1457.909546 840.648071 2959.438672 2.426835 -345.000000 2406.000000
0.779643 1420.667480 872.407166 2959.438594 2.426606 -345.000000 2406.000000
0.794090 1383.687256 904.067017 2959.438543 2.426420 -345.000000 2406.000000
0.810554 1346.794922 935.806580 2959.438509 2.426269 -345.000000 2406.000000
0.824961 1310.079102 967.573303 2959.438493 2.426163 -345.000000 2406.000000
0.839379 1273.527466 999.271057 2959.438489 2.426115 -345.000000 2406.000000
0.853765 1237.129272 1030.858276 2959.438489 2.426091 -345.000000 2406.000000
0.868242 1200.871460 1062.323975 2959.438488 2.426073 -345.000000 2406.000000
0.884700 1164.736206 1093.672485 2959.438488 2.426055 -345.000000 2406.000000
0.899172 1128.701660 1124.914673 2959.438487 2.426033 -345.000000 2406.000000
0.913562 1092.744995 1156.064697 2959.438485 2.426001 -345.000000 2406.000000
0.929988 1056.590210 1186.848999 2959.438483 2.425959 -345.000000 2406.000000
0.944387 1020.663330 1217.787720 2959.438380 2.425696 -345.000000 2406.000000
0.958848 984.753967 1248.672974 2959.438355 2.425566 -345.000000 2406.000000
0.975243 948.650024 1279.287109 2959.438321 2.425413 -345.000000 2406.000000
0.989630 913.056458 1310.456421 2959.438134 2.425057 -345.000000 2406.000000
1.004082 877.051636 1341.141968 2959.438125 2.425134 -345.000000 2406.000000
1.018579 841.212097 1372.014282 2959.437982 2.424823 -345.000000 2406.000000
1.035034 805.640076 1403.197021 2959.437939 2.424652 -345.000000 2406.000000
1.049627 769.671143 1433.932373 2959.437928 2.424738 -345.000000 2406.000000
1.064082 734.138916 1465.178223 2959.437783 2.424426 -345.000000 2406.000000
1.080542 698.180359 1495.946655 2959.437756 2.424563 -345.000000 2406.000000
1.094982 662.362122 1526.885742 2959.437608 2.424246 -345.000000 2406.000000
1.109840 626.819214 1558.148682 2959.437563 2.424073 -345.000000 2406.000000
1.124154 590.905579 1588.993652 2959.437533 2.424216 -345.000000 2406.000000
1.140357 555.436829 1620.354004 2959.437403 2.423920 -345.000000 2406.000000
1.154812 519.538086 1651.227173 2959.437310 2.424171 -345.000000 2406.000000
1.169227 483.774506 1682.258545 2959.437182 2.423876 -345.000000 2406.000000
1.183692 448.644165 1712.767212 2897.793321 2.423745 -345.000000 2406.000000
1.200214 414.228577 1742.845581 2836.149464 2.423624 -345.000000 2406.000000
1.214612 380.581055 1772.107666 2774.505628 2.423637 -345.000000 2406.000000
1.228940 348.165680 1800.625000 2712.861779 2.423537 -345.000000 2406.000000
1.245450 316.468719 1828.094604 2651.217907 2.423699 -345.000000 2406.000000
1.259775 285.703094 1855.156494 2589.574027 2.423516 -345.000000 2406.000000
1.274209 255.538818 1881.290649 2527.930157 2.423681 -345.000000 2406.000000
1.288695 226.417221 1906.924072 2466.286271 2.423482 -345.000000 2406.000000
1.305149 197.955414 1931.586426 2404.642392 2.423669 -345.000000 2406.000000
1.319658 170.550095 1955.731445 2342.998506 2.423464 -345.000000 2406.000000
1.334071 143.791489 1978.908936 2281.354614 2.423684 -345.000000 2406.000000
1.350547 118.062904 2001.587646 2219.710721 2.423460 -345.000000 2406.000000
1.364967 92.952431 2023.330444 2158.066821 2.423702 -345.000000 2406.000000
1.379400 68.833702 2044.599243 2096.422922 2.423460 -345.000000 2406.000000
1.393862 45.304710 2064.966309 2034.779011 2.423727 -345.000000 2406.000000
1.408322 22.732391 2084.879150 1973.135106 2.423464 -345.000000 2406.000000
1.424827 0.730620 2103.918701 1911.491185 2.423757 -345.000000 2406.000000
1.441323 -20.341856 2122.513428 1849.847272 2.423472 -345.000000 2406.000000
1.453732 -40.852402 2140.256104 1788.203342 2.423792 -345.000000 2406.000000
1.468083 -60.452728 2157.554932 1726.559420 2.423481 -345.000000 2406.000000
1.484671 -79.080139 2174.486084 1664.915481 2.423826 -345.000000 2406.000000
1.499099 -97.607193 2190.056152 1603.269955 2.425251 -345.000000 2406.000000
1.515572 -115.192513 2205.144775 1541.624794 2.423966 -345.000000 2406.000000
1.529990 -131.822906 2219.761475 1479.980638 2.423321 -345.000000 2406.000000
1.544437 -147.862350 2233.578369 1418.336767 2.423537 -345.000000 2406.000000
1.558867 -163.524399 2246.394287 1356.692707 2.422975 -345.000000 2406.000000
1.575341 -177.179672 2259.978271 1295.043747 2.420226 -345.000000 2406.000000
1.589653 -191.246567 2271.621826 1233.381624 2.425540 -345.000000 2406.000000
1.604083 -204.761536 2282.478760 1171.734797 2.423338 -345.000000 2406.000000
1.620567 -216.290939 2294.097412 1110.082289 2.419490 -345.000000 2406.000000
1.634968 -228.156754 2303.842529 1048.415435 2.425930 -345.000000 2406.000000
1.649419 -239.396271 2312.896729 986.767554 2.423152 -345.000000 2406.000000
1.663763 -248.695770 2322.637695 925.115296 2.419021 -345.000000 2406.000000
1.680250 -258.330902 2330.501709 863.433302 2.428103 -345.000000 2406.000000
1.694685 -267.390137 2337.616943 801.785229 2.424970 -345.000000 2406.000000
1.709122 -274.594910 2345.317139 740.128554 2.419311 -345.000000 2406.000000
1.723540 -282.019653 2351.266602 678.440640 2.430225 -345.000000 2406.000000
1.737934 -288.825378 2356.525146 616.791144 2.426140 -345.000000 2406.000000
1.754574 -293.923462 2362.197998 555.133814 2.419525 -345.000000 2406.000000
1.769367 -300.362488 2367.329590 616.729345 2.432717 -345.000000 2406.000000
1.784121 -306.171143 2371.791016 555.077746 2.427699 -345.000000 2406.000000
1.798496 -310.817902 2376.842773 493.414625 2.419363 -345.000000 2406.000000
1.814989 -315.909180 2380.778809 431.707651 2.435361 -345.000000 2406.000000
1.829505 -320.058685 2383.850098 370.049867 2.427322 -345.000000 2406.000000
1.843860 -322.363861 2386.720215 308.379740 2.415402 -345.000000 2406.000000
1.860325 -325.919495 2389.458008 369.957537 2.436097 -345.000000 2406.000000
1.874788 -328.899139 2391.658447 308.299501 2.427336 -345.000000 2406.000000
1.889316 -331.027985 2394.153320 246.627928 2.413922 -345.000000 2406.000000
1.903931 -333.245972 2395.780273 176.965987 2.438327 -345.000000 2406.000000
1.918224 -335.454895 2397.378662 210.557719 2.425906 -345.000000 2406.000000
1.934675 -335.769501 2398.143555 119.390090 2.407001 -345.000000 2406.000000
1.949031 -336.880981 2398.740967 140.894950 2.436437 -345.000000 2406.000000
1.965561 -337.258026 2399.121338 58.451154 2.412059 -345.000000 2406.000000
1.979972 -337.761719 2399.570801 86.419628 2.415173 -345.000000 2406.000000
1.994408 -338.405823 2400.063965 103.014759 2.415323 -345.000000 2406.000000
2.008696 -338.310211 2399.907715 27.553523 2.408671 -345.000000 2406.000000
2.025181 -338.624695 2400.189453 59.994981 2.402906 -345.000000 2406.000000
2.039590 -339.265106 2400.748779 79.884142 2.402507 -345.000000 2406.000000
2.054023 -339.578705 2401.080322 88.247305 2.400192 -345.000000 2406.000000
2.068523 -339.435760 2400.994141 16.094862 2.404664 -345.000000 2406.000000
2.083030 -339.889313 2401.449463 47.556077 2.408972 -345.000000 2406.000000
2.099427 -340.268127 2401.827881 63.874535 2.414109 -345.000000 2406.000000
2.113828 -339.826874 2401.477051 1.252396 2.418977 -345.000000 2406.000000
split
0.014422 -340.263977 2400.785156 61.676363 -2.319386 -2057.000000 553.000000
0.030917 -341.376343 2399.517822 123.320198 -2.319446 -2057.000000 553.000000
0.045340 -342.514160 2397.222900 184.964034 -2.319465 -2057.000000 553.000000
0.059703 -343.822571 2394.013916 246.607862 -2.319754 -2057.000000 553.000000
0.076296 -345.313263 2390.372070 308.251668 -2.320242 -2057.000000 553.000000
0.090688 -346.489685 2386.479492 369.895456 -2.320796 -2057.000000 553.000000
0.105134 -348.310486 2382.740479 431.539197 -2.321510 -2057.000000 553.000000
0.121559 -351.128021 2379.124512 493.182982 -2.321997 -2057.000000 553.000000
0.136016 -354.185028 2375.056396 554.826811 -2.322161 -2057.000000 553.000000
0.150373 -358.977234 2371.053467 616.470633 -2.322379 -2057.000000 553.000000
0.166834 -364.298218 2366.415771 678.114440 -2.322070 -2057.000000 553.000000
0.181333 -370.336395 2361.160889 739.758246 -2.321779 -2057.000000 553.000000
0.195726 -379.033508 2356.214111 801.402041 -2.321444 -2057.000000 553.000000
0.210237 -388.558197 2350.534912 863.045287 -2.320232 -2057.000000 553.000000
0.226677 -397.208923 2342.985840 924.688432 -2.318966 -2057.000000 553.000000
0.241063 -406.811676 2334.821045 986.332155 -2.318472 -2057.000000 553.000000
0.255519 -416.613312 2325.421387 1047.975805 -2.317859 -2057.000000 553.000000
0.269765 -426.900391 2314.954102 1109.619582 -2.317526 -2057.000000 553.000000
0.284257 -438.714386 2304.111084 1171.263399 -2.317342 -2057.000000 553.000000
0.300718 -451.159210 2292.289307 1232.907059 -2.316794 -2057.000000 553.000000
0.315147 -464.734711 2279.852539 1294.550757 -2.316322 -2057.000000 553.000000
0.329626 -477.429230 2265.128174 1356.194315 -2.315668 -2057.000000 553.000000
0.346032 -492.813263 2251.412109 1417.838098 -2.315946 -2057.000000 553.000000
0.360430 -506.931030 2235.035645 1479.481399 -2.315077 -2057.000000 553.000000
0.374844 -520.135437 2216.189209 1541.125163 -2.315387 -2057.000000 553.000000
0.389315 -536.826599 2198.807617 1602.767590 -2.316739 -2057.000000 553.000000
0.405750 -554.187439 2180.281738 1664.411392 -2.316533 -2057.000000 553.000000
0.420232 -572.523376 2160.852783 1726.055222 -2.316450 -2057.000000 553.000000
0.436747 -592.081055 2140.896484 1787.699042 -2.316318 -2057.000000 553.000000
0.451155 -611.678955 2119.186768 1849.342745 -2.315933 -2057.000000 553.000000
0.465551 -629.988159 2094.480957 1910.986561 -2.316081 -2057.000000 553.000000
0.479942 -650.909363 2070.591553 1972.628038 -2.317652 -2057.000000 553.000000
0.496416 -673.099670 2046.091919 2034.271697 -2.318076 -2057.000000 553.000000
0.510859 -696.255920 2020.659180 2095.915498 -2.318259 -2057.000000 553.000000
0.525307 -720.548096 1994.515503 2157.559310 -2.318412 -2057.000000 553.000000
0.541779 -745.476013 1967.265381 2219.203145 -2.318392 -2057.000000 553.000000
0.556607 -771.084656 1939.034302 2280.846962 -2.318520 -2057.000000 553.000000
0.570997 -797.323364 1909.906128 2342.490742 -2.318742 -2057.000000 553.000000
0.585193 -824.370483 1880.111450 2404.134464 -2.319053 -2057.000000 553.000000
0.601678 -851.999146 1849.496948 2465.778226 -2.319300 -2057.000000 553.000000
0.616039 -880.411377 1818.286499 2527.421924 -2.319634 -2057.000000 553.000000
0.630676 -909.386536 1786.286133 2589.065679 -2.319887 -2057.000000 553.000000
0.644927 -939.757874 1754.286133 2650.709365 -2.320227 -2057.000000 553.000000
0.659220 -969.717651 1720.598633 2712.353108 -2.319961 -2057.000000 553.000000
0.675659 -1001.395752 1687.181030 2773.996407 -2.320591 -2057.000000 553.000000
0.690030 -1033.296143 1652.666138 2835.640145 -2.320327 -2057.000000 553.000000
0.706489 -1065.684326 1617.276123 2897.283964 -2.320435 -2057.000000 553.000000
0.720853 -1099.421021 1581.813354 2958.927686 -2.320716 -2057.000000 553.000000
0.735233 -1132.624878 1545.631958 2958.927487 -2.320349 -2057.000000 553.000000
0.751682 -1166.023804 1509.418701 2958.927390 -2.320604 -2057.000000 553.000000
0.766044 -1199.347046 1473.303467 2958.927342 -2.320785 -2057.000000 553.000000
0.780457 -1232.399048 1437.525269 2958.927290 -2.320972 -2057.000000 553.000000
0.796917 -1265.392334 1402.027466 2958.927245 -2.321147 -2057.000000 553.000000
0.811292 -1298.485718 1366.605469 2958.927239 -2.321210 -2057.000000 553.000000
0.825766 -1331.149780 1330.892578 2958.927236 -2.321166 -2057.000000 553.000000
0.840099 -1363.356323 1296.065063 2897.283122 -2.321600 -2057.000000 553.000000
0.854518 -1394.851562 1261.916016 2835.639223 -2.321809 -2057.000000 553.000000
0.870922 -1425.617432 1228.832153 2773.995270 -2.322097 -2057.000000 553.000000
0.885317 -1455.207275 1196.794434 2712.351418 -2.322204 -2057.000000 553.000000
0.899725 -1484.097778 1165.963623 2650.707474 -2.322487 -2057.000000 553.000000
0.916119 -1512.017212 1135.698608 2589.063634 -2.322425 -2057.000000 553.000000
0.930540 -1539.387085 1106.490601 2527.419651 -2.322761 -2057.000000 553.000000
0.944955 -1565.746704 1077.950317 2465.775812 -2.322711 -2057.000000 553.000000
0.961404 -1591.538818 1050.495361 2404.131838 -2.323047 -2057.000000 553.000000
0.975824 -1616.331787 1023.702209 2342.487988 -2.322940 -2057.000000 553.000000
0.990221 -1640.583984 997.966003 2280.844039 -2.323252 -2057.000000 553.000000
1.004592 -1663.869263 972.848816 2219.200163 -2.323062 -2057.000000 553.000000
1.019127 -1686.643066 948.737488 2157.556240 -2.323342 -2057.000000 553.000000
1.035642 -1708.487061 925.203125 2095.912329 -2.323077 -2057.000000 553.000000
1.049978 -1729.843262 902.627869 2034.268423 -2.323336 -2057.000000 553.000000
1.066425 -1750.300171 880.599121 1972.624475 -2.323004 -2057.000000 553.000000
1.080818 -1770.281982 859.493591 1910.980576 -2.323258 -2057.000000 553.000000
1.095262 -1789.386353 838.918152 1849.336597 -2.322870 -2057.000000 553.000000
1.109713 -1808.018066 819.241333 1787.692695 -2.323138 -2057.000000 553.000000
1.126150 -1825.787476 800.090393 1726.048694 -2.322708 -2057.000000 553.000000
1.140605 -1843.078735 781.821716 1664.404780 -2.323010 -2057.000000 553.000000
1.154982 -1859.521973 764.085754 1602.760770 -2.322552 -2057.000000 553.000000
1.171472 -1875.474731 747.221130 1541.116837 -2.322901 -2057.000000 553.000000
1.185911 -1890.590698 730.903076 1479.472822 -2.322419 -2057.000000 553.000000
1.200299 -1905.201294 715.445190 1417.828865 -2.322825 -2057.000000 553.000000
1.214727 -1918.426392 701.145813 1294.541018 -2.322328 -2057.000000 553.000000
1.231218 -1931.153809 687.713257 1232.897025 -2.322822 -2057.000000 553.000000
1.245646 -1943.078491 674.967590 1171.252933 -2.322177 -2057.000000 553.000000
1.260054 -1954.333984 663.190979 1109.609094 -2.322098 -2057.000000 553.000000
1.276417 -1965.298218 652.225159 1047.964403 -2.320857 -2057.000000 553.000000
1.290845 -1975.427856 641.532043 986.311987 -2.316810 -2057.000000 553.000000
1.305268 -1985.194580 632.174438 924.667030 -2.315302 -2057.000000 553.000000
1.319730 -1993.499268 622.989929 862.994511 -2.307425 -2057.000000 553.000000
1.335100 -2001.215088 614.796997 801.350659 -2.307621 -2057.000000 553.000000
1.351151 -2007.876709 607.074097 739.704292 -2.305108 -2057.000000 553.000000
1.365386 -2013.864868 600.139343 678.056789 -2.308257 -2057.000000 553.000000
1.379900 -2018.706055 593.500549 616.408534 -2.311868 -2057.000000 553.000000
1.396276 -2023.550537 588.235962 554.682515 -2.328197 -2057.000000 553.000000
1.410730 -2027.789673 583.565063 493.037577 -2.330190 -2057.000000 553.000000
1.425115 -2031.479004 579.522217 431.390985 -2.333535 -2057.000000 553.000000
1.441401 -2034.536987 576.189941 369.744620 -2.336959 -2057.000000 553.000000
1.455777 -2036.906006 573.619995 308.098754 -2.340273 -2057.000000 553.000000
1.470084 -2039.283691 569.985291 369.741201 -2.343276 -2057.000000 553.000000
1.484728 -2041.644653 567.558960 307.883909 -2.377257 -2057.000000 553.000000
1.501143 -2043.862793 565.893372 246.235326 -2.382810 -2057.000000 553.000000
1.515688 -2045.476929 564.300232 177.053464 -2.365561 -2057.000000 553.000000
1.529986 -2047.445679 563.111755 214.424587 -2.365958 -2057.000000 553.000000
1.546387 -2047.479370 562.639221 127.291564 -2.327857 -2057.000000 553.000000
1.560806 -2048.246826 561.796631 155.478126 -2.350005 -2057.000000 553.000000
1.575257 -2048.530273 561.165100 73.913016 -2.353718 -2057.000000 553.000000
1.589566 -2049.287109 560.538208 103.954516 -2.374505 -2057.000000 553.000000
1.606150 -2050.424805 559.886230 121.602334 -2.367648 -2057.000000 553.000000
1.620547 -2050.596191 559.691162 41.319553 -2.333093 -2057.000000 553.000000
1.634985 -2051.366455 559.303772 70.067197 -2.334254 -2057.000000 553.000000
1.651533 -2052.177246 558.367920 85.607151 -2.300108 -2057.000000 553.000000
1.665858 -2051.922852 558.437378 14.393974 -2.302749 -2057.000000 553.000000
1.680265 -2052.322998 558.182861 46.372891 -2.321948 -2057.000000 553.000000
1.694702 -2052.987793 557.537659 63.813474 -2.304935 -2057.000000 553.000000
1.711215 -2052.799072 557.838440 1.192200 -2.294814 -2057.000000 553.000000
split
0.016497 -2051.964355 558.032654 60.776906 0.090168 703.000000 807.000000
0.028780 -2050.345703 558.232239 122.420742 0.090126 703.000000 807.000000
0.045251 -2047.714478 559.360046 184.064578 0.090106 703.000000 807.000000
0.059721 -2044.521729 560.975769 245.708404 0.089785 703.000000 807.000000
0.074212 -2041.137573 562.883484 307.352211 0.089306 703.000000 807.000000
0.088604 -2037.741333 565.258850 368.995995 0.088726 703.000000 807.000000
0.103055 -2034.331787 568.090515 430.639727 0.087975 703.000000 807.000000
0.119580 -2030.410889 570.545105 492.283381 0.087058 703.000000 807.000000
0.134002 -2026.527344 573.583984 553.927072 0.086291 703.000000 807.000000
0.150485 -2021.671509 575.925781 615.570640 0.085308 703.000000 807.000000
0.164821 -2015.521606 577.354004 677.214324 0.084606 703.000000 807.000000
0.179273 -2008.755249 579.003540 738.858122 0.084275 703.000000 807.000000
0.193685 -2000.244629 578.858032 800.501900 0.083880 703.000000 807.000000
0.210222 -1990.805786 578.511902 862.145696 0.084196 703.000000 807.000000
0.224606 -1980.458252 577.987244 923.789455 0.084617 703.000000 807.000000
0.239089 -1969.098999 577.302795 985.433166 0.085136 703.000000 807.000000
0.253504 -1956.753906 576.655518 1047.076816 0.085751 703.000000 807.000000
0.268042 -1943.437012 576.151062 1108.720439 0.086388 703.000000 807.000000
0.284507 -1929.720093 577.972534 1170.364060 0.087010 703.000000 807.000000
0.298986 -1915.005371 579.639648 1232.007863 0.086774 703.000000 807.000000
0.315555 -1899.290894 581.659424 1293.651685 0.086628 703.000000 807.000000
0.329939 -1882.436035 583.718323 1355.295481 0.086378 703.000000 807.000000
0.344366 -1864.353638 585.440918 1416.939280 0.086148 703.000000 807.000000
0.358861 -1845.284424 587.148865 1478.583113 0.086085 703.000000 807.000000
0.373318 -1825.181641 588.781799 1540.226948 0.086061 703.000000 807.000000
0.389694 -1804.443237 593.274597 1601.870783 0.086101 703.000000 807.000000
0.404515 -1782.231689 594.468567 1663.513701 0.085031 703.000000 807.000000
0.418831 -1759.022583 595.959351 1725.157472 0.085310 703.000000 807.000000
0.435237 -1734.931885 600.244263 1786.801274 0.085509 703.000000 807.000000
0.449567 -1709.672119 603.657715 1848.444379 0.084605 703.000000 807.000000
0.464076 -1683.244995 607.254028 1910.087962 0.084082 703.000000 807.000000
0.480475 -1655.637695 613.857788 1971.731487 0.083513 703.000000 807.000000
0.494799 -1626.540527 617.403809 2033.372102 0.081705 703.000000 807.000000
0.509174 -1596.120239 621.161255 2095.015687 0.081209 703.000000 807.000000
0.523511 -1564.400513 628.127563 2156.659201 0.080655 703.000000 807.000000
0.539840 -1531.365845 635.222351 2218.299023 0.078726 703.000000 807.000000
0.554229 -1497.104004 643.922485 2279.938436 0.076729 703.000000 807.000000
0.568584 -1461.638916 651.721985 2341.573704 0.073987 703.000000 807.000000
0.585050 -1424.977905 659.389526 2403.210929 0.071611 703.000000 807.000000
0.599462 -1386.909424 664.977600 2464.848097 0.069256 703.000000 807.000000
0.613826 -1347.606445 671.454346 2526.489505 0.067852 703.000000 807.000000
0.628307 -1307.041382 678.458557 2588.129028 0.066004 703.000000 807.000000
0.644657 -1265.099854 684.420898 2649.766928 0.063863 703.000000 807.000000
0.659106 -1221.878418 690.978577 2711.407113 0.062203 703.000000 807.000000
0.673517 -1177.412720 697.465881 2773.045521 0.060202 703.000000 807.000000
0.687949 -1131.744629 703.554871 2834.683713 0.058184 703.000000 807.000000
0.704348 -1084.932129 709.350220 2896.322631 0.056322 703.000000 807.000000
0.718775 -1037.028564 714.793152 2957.961982 0.054562 703.000000 807.000000
0.735184 -988.893494 719.798523 2957.958102 0.052942 703.000000 807.000000
0.749623 -940.554016 724.435425 2957.955006 0.051495 703.000000 807.000000
0.764036 -892.182678 728.547424 2957.952498 0.050193 703.000000 807.000000
0.778574 -843.949036 731.953979 2957.950862 0.049141 703.000000 807.000000
0.795049 -795.691223 734.742615 2957.950204 0.048474 703.000000 807.000000
0.809575 -747.242004 737.137268 2957.950073 0.048176 703.000000 807.000000
0.823938 -698.769104 739.296265 2957.950070 0.048136 703.000000 807.000000
0.838336 -650.379700 741.342468 2957.950047 0.048261 703.000000 807.000000
0.854753 -602.132324 743.356201 2957.949979 0.048476 703.000000 807.000000
0.869273 -554.052856 745.382507 2957.949887 0.048726 703.000000 807.000000
0.883665 -506.144348 747.449829 2957.949792 0.048978 703.000000 807.000000
0.900138 -458.395477 749.578796 2957.949713 0.049210 703.000000 807.000000
0.914542 -410.786407 751.780884 2957.949659 0.049401 703.000000 807.000000
0.928980 -363.293701 754.059143 2957.949631 0.049537 703.000000 807.000000
0.945531 -316.714264 756.371277 2896.305788 0.049609 703.000000 807.000000
0.959918 -271.023682 758.664795 2834.661953 0.049609 703.000000 807.000000
0.974320 -226.493561 760.891907 2773.018116 0.049584 703.000000 807.000000
0.988751 -183.409058 763.025940 2711.374280 0.049565 703.000000 807.000000
1.005182 -141.599579 765.774231 2649.730444 0.049569 703.000000 807.000000
1.019625 -100.746132 767.924377 2588.085769 0.048772 703.000000 807.000000
1.034064 -60.984879 770.803406 2526.441885 0.048579 703.000000 807.000000
1.048474 -22.308224 772.927185 2464.796121 0.047343 703.000000 807.000000
1.062935 15.233749 775.092651 2403.152088 0.046943 703.000000 807.000000
1.079449 51.661396 776.830383 2341.507843 0.046359 703.000000 807.000000
1.093961 86.962196 778.759949 2279.864002 0.046286 703.000000 807.000000
1.108351 121.180084 780.316772 2218.219907 0.045809 703.000000 807.000000
1.124780 154.308868 782.136841 2156.576071 0.045830 703.000000 807.000000
1.139276 186.399017 783.585693 2094.931912 0.045283 703.000000 807.000000
1.153747 217.445190 785.240234 2033.288077 0.045293 703.000000 807.000000
1.170265 247.489929 786.524475 1971.643978 0.044784 703.000000 807.000000
1.185115 276.522919 788.012878 1910.000124 0.044921 703.000000 807.000000
1.199592 304.579224 789.154175 1848.356113 0.044491 703.000000 807.000000
1.215845 331.642944 790.503357 1786.712210 0.044761 703.000000 807.000000
1.230225 357.742340 791.528564 1725.068253 0.044393 703.000000 807.000000
1.244743 382.858978 792.759460 1663.424288 0.044781 703.000000 807.000000
1.259132 407.013763 793.691101 1601.780362 0.044453 703.000000 807.000000
1.275508 430.188446 794.817627 1540.136341 0.044934 703.000000 807.000000
1.289937 452.399933 795.669922 1478.492432 0.044625 703.000000 807.000000
1.304329 473.631317 796.706421 1416.848368 0.045181 703.000000 807.000000
1.318757 493.898071 797.487122 1355.204454 0.044848 703.000000 807.000000
1.335210 513.185547 798.443726 1293.560362 0.045463 703.000000 807.000000
1.349607 531.507935 799.155273 1231.916414 0.045047 703.000000 807.000000
1.363989 548.851074 800.031311 1170.272306 0.045712 703.000000 807.000000
1.380450 565.228455 800.672668 1108.628303 0.045177 703.000000 807.000000
1.394840 580.628906 801.462463 1046.984182 0.045894 703.000000 807.000000
1.409200 595.066406 802.033203 985.340109 0.045221 703.000000 807.000000
1.423615 608.531982 802.731995 923.695986 0.045985 703.000000 807.000000
1.440036 620.217224 803.194702 800.407992 0.045149 703.000000 807.000000
1.454507 630.935486 803.772034 738.763909 0.045935 703.000000 807.000000
1.468959 640.621460 804.225769 677.119566 0.044763 703.000000 807.000000
1.483376 649.151672 804.721008 615.475696 0.044445 703.000000 807.000000
1.499845 656.912354 805.051025 553.830441 0.042297 703.000000 807.000000
1.514288 663.913818 805.404602 492.186605 0.042263 703.000000 807.000000
1.530790 669.795654 805.619019 430.542239 0.040795 703.000000 807.000000
1.545203 674.603333 805.848511 368.898275 0.041566 703.000000 807.000000
1.559605 678.379089 805.983154 307.254241 0.040528 703.000000 807.000000
1.574047 681.156921 806.122070 245.610319 0.041277 703.000000 807.000000
1.590495 684.601868 806.249939 307.254004 0.040171 703.000000 807.000000
1.604848 686.958496 806.352539 235.666814 0.040746 703.000000 807.000000
1.619347 688.433655 806.344849 155.916049 0.040340 703.000000 807.000000
1.635772 690.714600 806.414978 185.761297 0.044947 703.000000 807.000000
1.650192 691.278687 806.444641 97.332125 0.047583 703.000000 807.000000
1.664513 691.756653 806.533569 121.772173 0.047345 703.000000 807.000000
1.678974 692.996155 806.647217 137.578876 0.041461 703.000000 807.000000
1.693392 693.018860 806.722961 53.719316 0.035250 703.000000 807.000000
1.709858 693.574585 806.765442 81.511731 0.027749 703.000000 807.000000
1.724339 694.579285 806.795349 98.290079 0.024881 703.000000 807.000000
1.738767 694.086487 806.743042 23.782246 0.024298 703.000000 807.000000
1.753199 694.397766 806.727722 57.041233 0.028820 703.000000 807.000000
1.769598 695.251648 806.753052 77.856450 0.031641 703.000000 807.000000
1.784142 695.778320 806.790894 86.851034 0.031860 703.000000 807.000000
1.798498 695.722412 806.796082 15.150025 0.028947 703.000000 807.000000
1.812900 696.479797 806.819153 46.332998 0.028013 703.000000 807.000000
1.829339 697.105591 806.845703 61.663706 0.027729 703.000000 807.000000
1.843877 696.630737 806.850098 0.010749 0.026171 703.000000 807.000000
split
0.014398 697.223389 807.424866 61.652841 0.603749 2940.000000 2354.000000
0.030823 698.645447 808.517822 123.296676 0.603699 2940.000000 2354.000000
0.045244 700.013062 810.310181 184.940512 0.603665 2940.000000 2354.000000
0.059663 702.202576 812.701050 246.584341 0.603408 2940.000000 2354.000000
0.076113 705.279114 815.454041 308.228168 0.603140 2940.000000 2354.000000
0.090591 709.138306 818.069519 369.871998 0.602948 2940.000000 2354.000000
0.105019 714.130310 820.377380 431.515834 0.602961 2940.000000 2354.000000
0.119830 718.979614 823.959045 493.159644 0.603305 2940.000000 2354.000000
0.136254 724.335266 827.947632 554.803478 0.603231 2940.000000 2354.000000
0.150456 729.632263 833.548218 616.447311 0.603140 2940.000000 2354.000000
0.167021 735.857117 839.782959 678.091036 0.602540 2940.000000 2354.000000
0.181292 744.153870 845.520508 739.734749 0.601939 2940.000000 2354.000000
0.195813 753.291809 852.580688 801.378585 0.601927 2940.000000 2354.000000
0.210194 764.484131 859.284790 863.022397 0.601684 2940.000000 2354.000000
0.226623 776.506226 867.333252 924.666192 0.601990 2940.000000 2354.000000
0.240899 789.619324 876.405823 986.310025 0.602057 2940.000000 2354.000000
0.255318 803.677551 886.739319 1047.953861 0.602037 2940.000000 2354.000000
0.269767 819.545654 896.995972 1109.597672 0.601823 2940.000000 2354.000000
0.286221 835.997131 908.580688 1171.241484 0.602028 2940.000000 2354.000000
0.300643 853.934387 919.962097 1232.885315 0.601938 2940.000000 2354.000000
0.315131 872.765320 931.864807 1294.529093 0.602244 2940.000000 2354.000000
0.329501 891.608704 945.528992 1356.172853 0.602587 2940.000000 2354.000000
0.346008 912.380615 958.072144 1417.816652 0.602354 2940.000000 2354.000000
0.360441 932.412964 973.443909 1479.460247 0.602937 2940.000000 2354.000000
0.374906 954.500427 987.493835 1541.103871 0.602402 2940.000000 2354.000000
0.389304 977.003235 1002.476074 1602.747590 0.602792 2940.000000 2354.000000
0.405795 999.946350 1018.388123 1664.391401 0.602966 2940.000000 2354.000000
0.420239 1024.090576 1034.304810 1726.035236 0.602926 2940.000000 2354.000000
0.434640 1048.000000 1052.289307 1787.679017 0.603176 2940.000000 2354.000000
0.451106 1073.877441 1069.223022 1849.322589 0.602632 2940.000000 2354.000000
0.465575 1099.443115 1088.427124 1910.966332 0.602948 2940.000000 2354.000000
0.480019 1127.075928 1106.418701 1972.609834 0.602357 2940.000000 2354.000000
0.496431 1155.326050 1125.280884 2034.253529 0.602735 2940.000000 2354.000000
0.510879 1184.207520 1144.970947 2095.897315 0.602955 2940.000000 2354.000000
0.525304 1213.968628 1165.143433 2157.541145 0.603030 2940.000000 2354.000000
0.539719 1243.807007 1186.938354 2219.184963 0.603156 2940.000000 2354.000000
0.554163 1275.588989 1207.682617 2280.828525 0.602659 2940.000000 2354.000000
0.573064 1307.209717 1230.451538 2342.472121 0.603117 2940.000000 2354.000000
0.585483 1340.740356 1252.203491 2404.115758 0.602705 2940.000000 2354.000000
0.600026 1374.910889 1274.785645 2465.759217 0.603266 2940.000000 2354.000000
0.614593 1409.090088 1299.095581 2527.402839 0.603681 2940.000000 2354.000000
0.631361 1445.010376 1322.641235 2589.046539 0.603353 2940.000000 2354.000000
0.644105 1480.829956 1348.108521 2650.689987 0.603900 2940.000000 2354.000000
0.660796 1518.244873 1373.006592 2712.333659 0.603548 2940.000000 2354.000000
0.675331 1556.418945 1398.562134 2773.977249 0.603975 2940.000000 2354.000000
0.691827 1594.789673 1425.575195 2835.620880 0.604358 2940.000000 2354.000000
0.706296 1634.320068 1452.661011 2897.264620 0.604099 2940.000000 2354.000000
0.720662 1674.259033 1480.902100 2958.908440 0.604201 2940.000000 2354.000000
0.735190 1714.850464 1508.508911 2958.908250 0.603842 2940.000000 2354.000000
0.749833 1755.594727 1536.195557 2958.908180 0.604059 2940.000000 2354.000000
0.766175 1796.294189 1563.743042 2958.908090 0.604306 2940.000000 2354.000000
0.780610 1836.580566 1591.134155 2958.907931 0.604634 2940.000000 2354.000000
0.795136 1876.559204 1618.541626 2958.907820 0.604907 2940.000000 2354.000000
0.809524 1916.460938 1646.084106 2958.907788 0.605055 2940.000000 2354.000000
0.826104 1956.572510 1673.180786 2958.907786 0.605090 2940.000000 2354.000000
0.840450 1996.405762 1700.436646 2958.907494 0.605534 2940.000000 2354.000000
0.854848 2035.882935 1727.924561 2958.907416 0.605764 2940.000000 2354.000000
0.869308 2074.868652 1754.394409 2897.263564 0.605655 2940.000000 2354.000000
0.885857 2112.632324 1780.920654 2835.619483 0.606067 2940.000000 2354.000000
0.900599 2149.794678 1806.128052 2773.975529 0.605779 2940.000000 2354.000000
0.915129 2185.808105 1830.313110 2712.331405 0.606234 2940.000000 2354.000000
0.931315 2220.511719 1854.080566 2650.686902 0.606936 2940.000000 2354.000000
0.945766 2254.541748 1876.997437 2589.042940 0.607245 2940.000000 2354.000000
0.960143 2287.046387 1900.168335 2527.398441 0.607961 2940.000000 2354.000000
0.974578 2318.926025 1922.215332 2465.754196 0.607392 2940.000000 2354.000000
0.990905 2349.409424 1944.260254 2404.110342 0.607512 2940.000000 2354.000000
1.005459 2379.427979 1964.967529 2342.465368 0.606539 2940.000000 2354.000000
1.019881 2408.887207 1984.506348 2280.821508 0.606682 2940.000000 2354.000000
1.034273 2436.589111 2004.654297 2219.176164 0.607832 2940.000000 2354.000000
1.050738 2464.310791 2022.834229 2157.530801 0.606659 2940.000000 2354.000000
1.065222 2490.146729 2041.906128 2095.884541 0.608158 2940.000000 2354.000000
1.081634 2515.612305 2059.703125 2034.237931 0.606531 2940.000000 2354.000000
1.096048 2540.756104 2076.191895 1972.594052 0.606325 2940.000000 2354.000000
1.110495 2564.049072 2093.613525 1910.947689 0.607926 2940.000000 2354.000000
1.124918 2587.630127 2108.805908 1849.299320 0.605747 2940.000000 2354.000000
1.141416 2609.277588 2125.095703 1787.651077 0.607931 2940.000000 2354.000000
1.155845 2630.658936 2140.069092 1726.001641 0.605427 2940.000000 2354.000000
1.170683 2651.823242 2153.662842 1664.357680 0.605046 2940.000000 2354.000000
1.185432 2671.076416 2168.342529 1602.708874 0.607489 2940.000000 2354.000000
1.200394 2690.706055 2180.672852 1541.056553 0.604235 2940.000000 2354.000000
1.215037 2708.357422 2194.202393 1479.404273 0.607546 2940.000000 2354.000000
1.229718 2725.762207 2206.401123 1417.750487 0.603878 2940.000000 2354.000000
1.244579 2742.972656 2217.191406 1356.106390 0.603271 2940.000000 2354.000000
1.259406 2758.265137 2229.084229 1294.453459 0.606933 2940.000000 2354.000000
1.276497 2773.910156 2238.625732 1232.795042 0.602187 2940.000000 2354.000000
1.291129 2787.605225 2249.334961 1171.136167 0.607126 2940.000000 2354.000000
1.305553 2801.026611 2258.749023 1109.475803 0.601813 2940.000000 2354.000000
1.319992 2814.233154 2266.790039 1047.831456 0.600853 2940.000000 2354.000000
1.334440 2825.599854 2275.843506 986.172077 0.606300 2940.000000 2354.000000
1.350908 2837.207520 2282.695801 924.504434 0.599352 2940.000000 2354.000000
1.365286 2846.992920 2290.543213 862.837202 0.606466 2940.000000 2354.000000
1.379743 2856.444580 2297.195312 801.167572 0.598733 2940.000000 2354.000000
1.396200 2865.625000 2302.568848 739.522628 0.597070 2940.000000 2354.000000
1.410562 2873.131592 2308.733398 677.855506 0.605006 2940.000000 2354.000000
1.424948 2880.672852 2312.985596 616.178334 0.595088 2940.000000 2354.000000
1.439445 2886.447021 2318.151855 554.504956 0.604881 2940.000000 2354.000000
1.455841 2891.924316 2322.064209 492.798813 0.589890 2940.000000 2354.000000
1.470262 2898.530029 2325.728271 554.439561 0.586350 2940.000000 2354.000000
1.484674 2903.704834 2329.954590 492.755701 0.598365 2940.000000 2354.000000
1.499078 2909.217285 2332.578857 431.068575 0.585110 2940.000000 2354.000000
1.515541 2913.516602 2336.259277 369.312237 0.607957 2940.000000 2354.000000
1.529968 2916.967041 2338.778564 307.610340 0.590225 2940.000000 2354.000000
1.546464 2919.626465 2340.032959 245.960484 0.583968 2940.000000 2354.000000
1.560932 2922.602051 2342.573486 307.568809 0.600961 2940.000000 2354.000000
1.575335 2925.436523 2343.874023 245.864451 0.581122 2940.000000 2354.000000
1.591816 2927.128418 2345.517578 173.408622 0.607564 2940.000000 2354.000000
1.606207 2929.654785 2347.351562 206.312476 0.582679 2940.000000 2354.000000
1.620649 2930.980957 2347.897461 113.429132 0.571197 2940.000000 2354.000000
1.635079 2931.964111 2348.526855 129.161148 0.594867 2940.000000 2354.000000
1.649458 2932.395996 2348.527832 47.074924 0.597920 2940.000000 2354.000000
1.665916 2932.660156 2348.926758 74.397361 0.623788 2940.000000 2354.000000
1.680429 2932.925781 2349.201416 90.856496 0.604790 2940.000000 2354.000000
1.695128 2933.174316 2349.618652 99.696999 0.596027 2940.000000 2354.000000
1.709301 2932.794678 2349.411865 24.212688 0.570654 2940.000000 2354.000000
1.725874 2933.104980 2349.468994 56.109976 0.567019 2940.000000 2354.000000
1.740133 2933.230713 2349.690918 75.627486 0.581379 2940.000000 2354.000000
1.754608 2933.446533 2349.666016 86.945411 0.566872 2940.000000 2354.000000
1.770965 2933.146973 2349.567139 15.850113 0.584297 2940.000000 2354.000000
1.785383 2933.621338 2349.912598 49.503967 0.574156 2940.000000 2354.000000
1.801709 2934.248779 2350.175781 68.407086 0.569876 2940.000000 2354.000000
1.816131 2934.725342 2350.566895 76.418409 0.586807 2940.000000 2354.000000
1.830573 2934.935303 2350.574463 8.285867 0.576985 2940.000000 2354.000000
split
0.014375 2934.556396 2350.669678 53.946477 -2.943771 -2910.000000 1179.000000
0.028843 2933.061768 2350.324463 115.590312 -2.943743 -2910.000000 1179.000000
0.045256 2930.544922 2349.372559 177.234148 -2.943751 -2910.000000 1179.000000
0.059661 2927.554688 2347.704346 238.877983 -2.943824 -2910.000000 1179.000000
0.074085 2924.455811 2345.714355 300.521815 -2.944001 -2910.000000 1179.000000
0.090595 2921.298096 2343.311768 362.165643 -2.944226 -2910.000000 1179.000000
0.104997 2918.114258 2340.509521 423.809463 -2.944518 -2910.000000 1179.000000
0.119423 2914.885010 2337.345459 485.453272 -2.944876 -2910.000000 1179.000000
0.134018 2911.641846 2333.812500 547.097065 -2.945292 -2910.000000 1179.000000
0.150502 2907.559814 2330.849365 608.740838 -2.945769 -2910.000000 1179.000000
0.164940 2902.474121 2328.389160 670.384635 -2.946125 -2910.000000 1179.000000
0.179471 2895.995850 2326.552979 732.028452 -2.946366 -2910.000000 1179.000000
0.193983 2887.837158 2325.598389 793.672284 -2.946458 -2910.000000 1179.000000
0.210319 2879.077148 2324.349609 855.316115 -2.946349 -2910.000000 1179.000000
0.224751 2869.614258 2323.161621 916.959948 -2.946268 -2910.000000 1179.000000
0.239148 2860.332764 2320.492432 978.603778 -2.946155 -2910.000000 1179.000000
0.255482 2849.982178 2318.338867 1040.247604 -2.946293 -2910.000000 1179.000000
0.269980 2838.297607 2316.734619 1101.891439 -2.946311 -2910.000000 1179.000000
0.284423 2825.152588 2315.557617 1163.535267 -2.946193 -2910.000000 1179.000000
0.298830 2809.448975 2316.686279 1225.179069 -2.945954 -2910.000000 1179.000000
0.315258 2792.126465 2318.828369 1286.822593 -2.945240 -2910.000000 1179.000000
0.329672 2774.550537 2319.172363 1348.465857 -2.944298 -2910.000000 1179.000000
0.344184 2756.554443 2318.270020 1410.109406 -2.943645 -2910.000000 1179.000000
0.360597 2738.592285 2314.792236 1471.753093 -2.943186 -2910.000000 1179.000000
0.375001 2720.471436 2309.238037 1533.396928 -2.943163 -2910.000000 1179.000000
0.389479 2700.843994 2304.958252 1595.040682 -2.943490 -2910.000000 1179.000000
0.403805 2679.811279 2301.122314 1656.684515 -2.943548 -2910.000000 1179.000000
0.420217 2657.667480 2297.170410 1718.328347 -2.943482 -2910.000000 1179.000000
0.434681 2634.521240 2293.241943 1779.972177 -2.943396 -2910.000000 1179.000000
0.449061 2610.481934 2288.724854 1841.615998 -2.943272 -2910.000000 1179.000000
0.465612 2585.997803 2281.011719 1903.259831 -2.943217 -2910.000000 1179.000000
0.479949 2560.254395 2273.891602 1964.903440 -2.943705 -2910.000000 1179.000000
0.494414 2533.327881 2266.635254 2026.547159 -2.944049 -2910.000000 1179.000000
0.508829 2505.620850 2256.523682 2088.190885 -2.944379 -2910.000000 1179.000000
0.525217 2476.059082 2249.135742 2149.834031 -2.945192 -2910.000000 1179.000000
0.539627 2445.239746 2241.431885 2211.477789 -2.945461 -2910.000000 1179.000000
0.553974 2413.285156 2232.842041 2273.121535 -2.945745 -2910.000000 1179.000000
0.570459 2380.085205 2224.073730 2334.765183 -2.946151 -2910.000000 1179.000000
0.584846 2345.972412 2212.117920 2396.408832 -2.946551 -2910.000000 1179.000000
0.599241 2310.545410 2199.995117 2458.051574 -2.947506 -2910.000000 1179.000000
0.613658 2274.289551 2184.614014 2519.694297 -2.948458 -2910.000000 1179.000000
0.630437 2236.671387 2170.307373 2581.335142 -2.949999 -2910.000000 1179.000000
0.644896 2197.796875 2156.633545 2642.976752 -2.951312 -2910.000000 1179.000000
0.659073 2157.634766 2143.428955 2704.618785 -2.952480 -2910.000000 1179.000000
0.675610 2116.013672 2131.343018 2766.261128 -2.953530 -2910.000000 1179.000000
0.689896 2073.273926 2118.439697 2827.904079 -2.954330 -2910.000000 1179.000000
0.704317 2029.388184 2104.935059 2889.546689 -2.955261 -2910.000000 1179.000000
0.720898 1984.290039 2091.231201 2951.189013 -2.956284 -2910.000000 1179.000000
0.735218 1938.761597 2077.662354 2951.187428 -2.957320 -2910.000000 1179.000000
0.749569 1892.788696 2064.514160 2951.185913 -2.958334 -2910.000000 1179.000000
0.764069 1846.532227 2052.126221 2951.184632 -2.959265 -2910.000000 1179.000000
0.780520 1800.181641 2040.664795 2951.183723 -2.960050 -2910.000000 1179.000000
0.794946 1753.412354 2030.546631 2951.183180 -2.960657 -2910.000000 1179.000000
0.809376 1706.042725 2021.519165 2951.183025 -2.960981 -2910.000000 1179.000000
0.823772 1658.475098 2012.663452 2951.183016 -2.961060 -2910.000000 1179.000000
0.838242 1610.832642 2004.174072 2951.183014 -2.961097 -2910.000000 1179.000000
0.854648 1563.329468 1995.380127 2951.183011 -2.961053 -2910.000000 1179.000000
0.869065 1516.021118 1986.267822 2951.183010 -2.961080 -2910.000000 1179.000000
0.885619 1468.783203 1977.703125 2951.182994 -2.961184 -2910.000000 1179.000000
0.899961 1421.671753 1969.383667 2951.182993 -2.961173 -2910.000000 1179.000000
0.914513 1374.697754 1961.180908 2951.182988 -2.961112 -2910.000000 1179.000000
0.928818 1327.857788 1953.000000 2951.182978 -2.961029 -2910.000000 1179.000000
0.945300 1281.151611 1944.702515 2951.182967 -2.960944 -2910.000000 1179.000000
0.959712 1234.560669 1936.256226 2951.182963 -2.960891 -2910.000000 1179.000000
0.974246 1188.054443 1927.711426 2951.182963 -2.960875 -2910.000000 1179.000000
0.988854 1141.609131 1919.094971 2951.182962 -2.960886 -2910.000000 1179.000000
1.005595 1095.205322 1910.425415 2951.182961 -2.960918 -2910.000000 1179.000000
1.019937 1048.828125 1901.716797 2951.182958 -2.960964 -2910.000000 1179.000000
1.034372 1002.465393 1892.981567 2951.182953 -2.961023 -2910.000000 1179.000000
1.050848 956.108582 1884.230347 2951.182946 -2.961090 -2910.000000 1179.000000
1.065242 909.751404 1875.472168 2951.182938 -2.961163 -2910.000000 1179.000000
1.079694 863.389709 1866.714478 2951.182930 -2.961239 -2910.000000 1179.000000
1.094356 817.021118 1857.962646 2951.182921 -2.961318 -2910.000000 1179.000000
1.108948 770.644653 1849.220093 2951.182912 -2.961396 -2910.000000 1179.000000
1.125484 724.260071 1840.489014 2951.182903 -2.961473 -2910.000000 1179.000000
1.141966 677.867920 1831.769775 2951.182894 -2.961549 -2910.000000 1179.000000
1.154443 631.469116 1823.062134 2951.182886 -2.961623 -2910.000000 1179.000000
1.170874 585.133240 1813.974121 2951.182878 -2.961696 -2910.000000 1179.000000
1.185328 538.742188 1805.182251 2951.182829 -2.961879 -2910.000000 1179.000000
1.199715 492.349487 1796.387695 2951.182813 -2.961981 -2910.000000 1179.000000
1.214131 446.012421 1787.276855 2951.182797 -2.962087 -2910.000000 1179.000000
1.230577 399.535706 1778.941895 2951.182736 -2.962289 -2910.000000 1179.000000
1.245053 353.100616 1770.372681 2951.182735 -2.962263 -2910.000000 1179.000000
1.259520 306.740234 1761.383423 2951.182732 -2.962308 -2910.000000 1179.000000
1.273917 260.251251 1753.113647 2951.182686 -2.962485 -2910.000000 1179.000000
1.290417 213.883865 1744.166138 2951.182683 -2.962440 -2910.000000 1179.000000
1.304827 167.469193 1735.481323 2951.182640 -2.962611 -2910.000000 1179.000000
1.319227 120.972351 1727.254517 2951.182628 -2.962701 -2910.000000 1179.000000
1.335798 74.581879 1718.440796 2951.182623 -2.962644 -2910.000000 1179.000000
1.350233 28.069818 1710.302002 2951.182596 -2.962781 -2910.000000 1179.000000
1.364687 -18.325409 1701.513062 2951.182584 -2.962692 -2910.000000 1179.000000
1.379048 -64.758469 1692.934082 2951.182558 -2.962826 -2910.000000 1179.000000
1.395621 -111.195900 1684.381226 2951.182552 -2.962890 -2910.000000 1179.000000
1.410370 -157.651871 1675.933228 2951.182547 -2.962947 -2910.000000 1179.000000
1.424864 -204.104645 1667.469238 2951.182546 -2.962968 -2910.000000 1179.000000
1.439096 -250.574890 1659.103027 2951.182545 -2.962996 -2910.000000 1179.000000
1.453567 -297.101440 1651.051270 2951.182545 -2.962987 -2910.000000 1179.000000
1.469937 -343.516602 1642.380005 2951.182520 -2.962859 -2910.000000 1179.000000
1.484340 -390.045593 1634.341187 2951.182503 -2.962966 -2910.000000 1179.000000
1.498840 -436.450897 1625.609619 2951.182475 -2.962827 -2910.000000 1179.000000
1.515184 -482.896179 1617.099854 2951.182448 -2.962963 -2910.000000 1179.000000
1.529573 -529.344849 1608.609985 2951.182444 -2.963012 -2910.000000 1179.000000
1.543938 -575.809937 1600.212891 2951.182441 -2.963055 -2910.000000 1179.000000
1.560387 -622.269775 1591.787598 2951.182441 -2.963060 -2910.000000 1179.000000
1.574833 -668.744812 1583.447876 2951.182441 -2.963078 -2910.000000 1179.000000
1.589235 -715.204041 1575.020630 2951.182440 -2.963058 -2910.000000 1179.000000
1.603688 -761.672302 1566.644409 2951.182440 -2.963077 -2910.000000 1179.000000
1.620110 -808.129578 1558.207275 2951.182440 -2.963073 -2910.000000 1179.000000
1.634520 -854.598022 1549.832275 2951.182439 -2.963099 -2910.000000 1179.000000
1.651001 -901.056335 1541.401123 2951.182439 -2.963095 -2910.000000 1179.000000
1.665435 -947.526184 1533.033813 2951.182438 -2.963118 -2910.000000 1179.000000
1.679765 -993.985901 1524.610229 2951.182438 -2.963111 -2910.000000 1179.000000
1.694155 -1040.457031 1516.249878 2951.182437 -2.963132 -2910.000000 1179.000000
1.710600 -1086.917847 1507.832520 2951.182437 -2.963120 -2910.000000 1179.000000
1.725010 -1133.390015 1499.477539 2951.182436 -2.963140 -2910.000000 1179.000000
1.739448 -1179.851685 1491.064819 2951.182436 -2.963125 -2910.000000 1179.000000
1.755845 -1226.324585 1482.713745 2951.182436 -2.963142 -2910.000000 1179.000000
1.770209 -1272.786865 1474.303833 2951.182435 -2.963125 -2910.000000 1179.000000
1.784650 -1319.260010 1465.954834 2951.182435 -2.963142 -2910.000000 1179.000000
1.799030 -1365.722534 1457.546143 2951.182434 -2.963121 -2910.000000 1179.000000
1.815638 -1412.195801 1449.197754 2951.182434 -2.963138 -2910.000000 1179.000000
1.830085 -1458.658325 1440.788940 2951.182433 -2.963116 -2910.000000 1179.000000
1.844452 -1505.131592 1432.440063 2951.182432 -2.963134 -2910.000000 1179.000000
1.861079 -1551.593872 1424.030518 2951.182432 -2.963111 -2910.000000 1179.000000
1.875519 -1598.067017 1415.680664 2951.182431 -2.963131 -2910.000000 1179.000000
1.889926 -1644.529053 1407.270142 2951.182430 -2.963106 -2910.000000 1179.000000
1.904371 -1691.002075 1398.919312 2951.182429 -2.963128 -2910.000000 1179.000000
1.918775 -1737.463989 1390.507690 2951.182428 -2.963103 -2910.000000 1179.000000
1.935344 -1783.936768 1382.156006 2951.182428 -2.963127 -2910.000000 1179.000000
1.949829 -1830.398560 1373.743652 2951.182427 -2.963100 -2910.000000 1179.000000
1.964165 -1876.062256 1365.537231 2889.538590 -2.963127 -2910.000000 1179.000000
1.980644 -1920.898193 1357.371460 2827.894753 -2.963098 -2910.000000 1179.000000
1.995081 -1964.663208 1349.553223 2766.250909 -2.963173 -2910.000000 1179.000000
2.009550 -2006.994995 1341.777100 2704.607066 -2.963097 -2910.000000 1179.000000
2.023892 -2048.169434 1334.511230 2642.963200 -2.963246 -2910.000000 1179.000000
2.040333 -2088.335693 1327.114868 2581.319324 -2.963071 -2910.000000 1179.000000
2.054852 -2127.510742 1320.209473 2519.675449 -2.963246 -2910.000000 1179.000000
2.069329 -2165.534912 1313.203125 2458.031566 -2.963052 -2910.000000 1179.000000
2.083813 -2202.495850 1306.695190 2396.387687 -2.963240 -2910.000000 1179.000000
2.100306 -2238.285400 1300.092163 2334.743797 -2.963028 -2910.000000 1179.000000
2.114775 -2273.023193 1293.988525 2273.099912 -2.963235 -2910.000000 1179.000000
2.129109 -2306.621582 1287.784912 2211.456010 -2.962994 -2910.000000 1179.000000
2.145556 -2339.208740 1282.065796 2149.812120 -2.963216 -2910.000000 1179.000000
2.160062 -2370.701660 1276.243530 2088.168209 -2.962951 -2910.000000 1179.000000
2.174597 -2401.224609 1270.890503 2026.524311 -2.963195 -2910.000000 1179.000000
2.189410 -2430.694092 1265.435425 1964.880392 -2.962908 -2910.000000 1179.000000
2.203716 -2459.224609 1260.434570 1903.236486 -2.963176 -2910.000000 1179.000000
2.220216 -2486.729248 1255.336670 1841.592559 -2.962866 -2910.000000 1179.000000
2.234673 -2513.313232 1250.677856 1779.948643 -2.963161 -2910.000000 1179.000000
2.251065 -2538.996338 1246.538086 1718.304710 -2.962830 -2910.000000 1179.000000
2.265390 -2563.555176 1241.642090 1656.659406 -2.961523 -2910.000000 1179.000000
2.279770 -2587.149414 1237.172729 1595.014401 -2.962711 -2910.000000 1179.000000
2.294205 -2609.781494 1233.158447 1533.370269 -2.963321 -2910.000000 1179.000000
2.308556 -2631.418945 1229.102905 1471.726401 -2.963115 -2910.000000 1179.000000
2.325025 -2652.036865 1224.713013 1410.082359 -2.963645 -2910.000000 1179.000000
2.339479 -2672.004639 1222.376953 1348.433899 -2.966206 -2910.000000 1179.000000
2.353870 -2690.712891 1218.495728 1286.773915 -2.961312 -2910.000000 1179.000000
2.368404 -2708.460205 1214.554932 1225.127291 -2.963393 -2910.000000 1179.000000
2.384802 -2725.568359 1212.663330 1163.475607 -2.966973 -2910.000000 1179.000000
2.399252 -2741.420898 1209.323486 1101.811400 -2.961055 -2910.000000 1179.000000
2.415726 -2756.339355 1206.039429 1040.163944 -2.963619 -2910.000000 1179.000000
2.430147 -2770.588867 1204.733276 978.512643 -2.967407 -2910.000000 1179.000000
2.444528 -2783.577393 1201.965454 916.834730 -2.959062 -2910.000000 1179.000000
2.461031 -2795.617188 1199.162476 855.187212 -2.961896 -2910.000000 1179.000000
2.475397 -2806.966553 1198.226807 793.531738 -2.967113 -2910.000000 1179.000000
2.489816 -2817.079590 1195.984497 731.848178 -2.957107 -2910.000000 1179.000000
2.504246 -2826.261230 1193.776978 670.199344 -2.960803 -2910.000000 1179.000000
2.518658 -2834.713623 1193.232910 608.542946 -2.966926 -2910.000000 1179.000000
2.535094 -2843.570068 1191.244385 670.141657 -2.954748 -2910.000000 1179.000000
2.549602 -2851.504395 1189.315552 608.490821 -2.959318 -2910.000000 1179.000000
2.566010 -2859.190918 1188.742432 546.828845 -2.967040 -2910.000000 1179.000000
2.580442 -2866.271973 1187.051147 485.124361 -2.952146 -2910.000000 1179.000000
2.594831 -2872.084961 1185.542236 423.467362 -2.959513 -2910.000000 1179.000000
2.609300 -2876.607910 1185.443359 361.796909 -2.970725 -2910.000000 1179.000000
2.623699 -2880.179199 1184.518921 300.082510 -2.950975 -2910.000000 1179.000000
2.640181 -2884.581055 1183.387085 361.717636 -2.958594 -2910.000000 1179.000000
2.654564 -2888.183594 1183.300293 300.047359 -2.970685 -2910.000000 1179.000000
2.669025 -2891.007568 1182.560425 238.319186 -2.946975 -2910.000000 1179.000000
2.683417 -2893.419189 1181.884033 173.650491 -2.956278 -2910.000000 1179.000000
2.700012 -2895.917725 1181.876221 215.828086 -2.969378 -2910.000000 1179.000000
2.714452 -2896.540039 1181.598389 130.628658 -2.940120 -2910.000000 1179.000000
2.730789 -2897.854980 1181.202637 159.176717 -2.950893 -2910.000000 1179.000000
2.745623 -2898.488770 1181.371338 76.613222 -2.962181 -2910.000000 1179.000000
2.760362 -2899.195312 1181.100098 105.968737 -2.938433 -2910.000000 1179.000000
2.774851 -2900.134521 1180.766846 124.338831 -2.949617 -2910.000000 1179.000000
2.789439 -2900.155762 1180.900146 44.372193 -2.964378 -2910.000000 1179.000000
2.804070 -2900.761230 1180.618164 75.058993 -2.950916 -2910.000000 1179.000000
2.818862 -2901.883789 1180.412109 93.608357 -2.968202 -2910.000000 1179.000000
2.835786 -2901.555420 1180.452881 20.514784 -2.969331 -2910.000000 1179.000000
2.850431 -2902.005371 1180.347900 53.776706 -2.971212 -2910.000000 1179.000000
2.865365 -2902.958740 1180.171265 73.486813 -2.974563 -2910.000000 1179.000000
2.880238 -2903.546143 1180.094727 80.728503 -2.976759 -2910.000000 1179.000000
2.895064 -2903.553711 1180.104248 10.918167 -2.973568 -2910.000000 1179.000000
split
0.014540 -2903.083496 1179.826172 51.698070 -0.257221 1328.000000 67.000000
0.028979 -2901.464111 1179.550415 113.341905 -0.257187 1328.000000 67.000000
0.045479 -2898.666260 1179.553223 174.985741 -0.257221 1328.000000 67.000000
0.059906 -2895.247803 1179.864380 236.629574 -0.257384 1328.000000 67.000000
0.074780 -2891.634277 1180.415649 298.273401 -0.257652 1328.000000 67.000000
0.088926 -2887.817627 1181.363892 359.917220 -0.257985 1328.000000 67.000000
0.105427 -2883.824707 1182.723877 421.561022 -0.258419 1328.000000 67.000000
0.119733 -2879.694824 1184.523682 483.204797 -0.258955 1328.000000 67.000000
0.134151 -2875.163818 1185.672852 544.848533 -0.259597 1328.000000 67.000000
0.150623 -2870.086914 1186.041382 606.492294 -0.260120 1328.000000 67.000000
0.165015 -2864.145264 1185.351562 668.136085 -0.260503 1328.000000 67.000000
0.179433 -2857.202637 1183.104248 729.779908 -0.260702 1328.000000 67.000000
0.193868 -2849.596680 1180.701416 791.423741 -0.260614 1328.000000 67.000000
0.210218 -2841.349121 1177.850464 853.067573 -0.260530 1328.000000 67.000000
0.224672 -2832.502197 1176.304688 914.711400 -0.260384 1328.000000 67.000000
0.239094 -2822.866943 1173.899170 976.355220 -0.260566 1328.000000 67.000000
0.253492 -2812.252197 1170.504517 1037.999055 -0.260603 1328.000000 67.000000
0.269967 -2800.511475 1166.154297 1099.642882 -0.260475 1328.000000 67.000000
0.284393 -2787.587402 1157.869385 1161.286676 -0.260199 1328.000000 67.000000
0.298796 -2773.668945 1149.644043 1222.929810 -0.259100 1328.000000 67.000000
0.315316 -2758.777100 1142.474976 1284.572992 -0.258066 1328.000000 67.000000
0.329728 -2742.695068 1137.867676 1346.216475 -0.257325 1328.000000 67.000000
0.344154 -2725.574951 1134.777344 1407.860306 -0.257239 1328.000000 67.000000
0.358619 -2707.485840 1131.472290 1469.504067 -0.257565 1328.000000 67.000000
0.375116 -2688.340332 1126.949829 1531.147818 -0.257904 1328.000000 67.000000
0.389465 -2668.123535 1121.839111 1592.791642 -0.258026 1328.000000 67.000000
0.403868 -2647.126465 1115.556763 1654.435476 -0.258079 1328.000000 67.000000
0.420297 -2624.484619 1111.735474 1716.079286 -0.257905 1328.000000 67.000000
0.434730 -2600.744385 1107.591797 1777.722900 -0.258414 1328.000000 67.000000
0.449087 -2575.903809 1102.762207 1839.366507 -0.258921 1328.000000 67.000000
0.463495 -2549.841553 1097.660767 1901.010181 -0.259340 1328.000000 67.000000
0.480006 -2522.651855 1091.807251 1962.653836 -0.259776 1328.000000 67.000000
0.494453 -2494.186768 1085.832520 2024.297562 -0.260109 1328.000000 67.000000
0.508725 -2464.469482 1079.573853 2085.941243 -0.260500 1328.000000 67.000000
0.525172 -2432.607910 1075.744141 2147.584904 -0.260910 1328.000000 67.000000
0.539588 -2400.292969 1068.968628 2209.227293 -0.262070 1328.000000 67.000000
0.553969 -2365.760254 1064.931885 2270.870881 -0.262544 1328.000000 67.000000
0.570465 -2330.731689 1058.329590 2332.512728 -0.263867 1328.000000 67.000000
0.584873 -2294.181396 1052.406494 2394.155944 -0.264596 1328.000000 67.000000
0.599295 -2255.652344 1048.562134 2455.798526 -0.265620 1328.000000 67.000000
0.613718 -2216.560547 1042.621338 2517.438713 -0.267343 1328.000000 67.000000
0.630185 -2176.011475 1037.612915 2579.080581 -0.268594 1328.000000 67.000000
0.646682 -2134.955078 1029.983643 2640.720984 -0.270225 1328.000000 67.000000
0.659074 -2092.981201 1020.879822 2702.363490 -0.271229 1328.000000 67.000000
0.673437 -2049.593750 1012.124756 2764.006669 -0.271926 1328.000000 67.000000
0.689903 -2004.956787 1003.291504 2825.649340 -0.272844 1328.000000 67.000000
0.704383 -1959.143555 994.140259 2887.291714 -0.273861 1328.000000 67.000000
0.718836 -1912.199097 984.555115 2948.933963 -0.274909 1328.000000 67.000000
0.735283 -1865.054077 974.415771 2948.932354 -0.275954 1328.000000 67.000000
0.749765 -1817.772827 963.659180 2948.931076 -0.276885 1328.000000 67.000000
0.764180 -1770.582275 952.273499 2948.930161 -0.277673 1328.000000 67.000000
0.778550 -1723.733643 940.221191 2948.929601 -0.278289 1328.000000 67.000000
0.795057 -1677.078247 927.591187 2948.929360 -0.278693 1328.000000 67.000000
0.809554 -1630.393921 914.527588 2948.929288 -0.278914 1328.000000 67.000000
0.824042 -1583.793579 901.215210 2948.929275 -0.279010 1328.000000 67.000000
0.840498 -1537.340942 887.789185 2948.929274 -0.279022 1328.000000 67.000000
0.855271 -1491.066406 874.336731 2948.929272 -0.278984 1328.000000 67.000000
0.869614 -1444.975708 860.907043 2948.929266 -0.278919 1328.000000 67.000000
0.884274 -1399.057495 847.532837 2948.929257 -0.278842 1328.000000 67.000000
0.898464 -1353.289429 834.235779 2948.929249 -0.278765 1328.000000 67.000000
0.914966 -1307.644409 821.026672 2948.929242 -0.278697 1328.000000 67.000000
0.929415 -1262.094849 807.907471 2948.929238 -0.278645 1328.000000 67.000000
0.943781 -1216.615723 794.873535 2948.929236 -0.278614 1328.000000 67.000000
0.960290 -1171.185181 781.915588 2948.929236 -0.278605 1328.000000 67.000000
0.974703 -1125.785645 769.022034 2948.929236 -0.278619 1328.000000 67.000000
0.988932 -1080.403564 756.180481 2948.929234 -0.278654 1328.000000 67.000000
1.003396 -1035.028809 743.378662 2948.929230 -0.278709 1328.000000 67.000000
1.019877 -989.542297 730.989258 2948.929222 -0.278780 1328.000000 67.000000
1.034237 -944.135254 718.334900 2948.929129 -0.279031 1328.000000 67.000000
1.048677 -898.719727 705.701050 2948.929098 -0.279176 1328.000000 67.000000
1.065229 -853.206543 693.387512 2948.929061 -0.279335 1328.000000 67.000000
1.079688 -807.907654 680.311584 2948.928915 -0.279649 1328.000000 67.000000
1.094046 -762.534912 667.467651 2948.928914 -0.279620 1328.000000 67.000000
1.110551 -717.036865 655.033020 2948.928904 -0.279702 1328.000000 67.000000
1.124953 -671.740295 641.883240 2948.928783 -0.279988 1328.000000 67.000000
1.139390 -626.246948 629.396851 2948.928779 -0.279930 1328.000000 67.000000
1.153828 -580.827026 616.642029 2948.928663 -0.280210 1328.000000 67.000000
1.170293 -535.536621 603.428101 2948.928629 -0.280363 1328.000000 67.000000
1.184729 -490.078949 590.788269 2948.928618 -0.280278 1328.000000 67.000000
1.199185 -444.813660 577.475891 2948.928542 -0.280504 1328.000000 67.000000
1.215703 -399.362671 564.802124 2948.928513 -0.280362 1328.000000 67.000000
1.230124 -353.972015 551.916809 2948.928441 -0.280584 1328.000000 67.000000
1.244598 -308.700897 538.617920 2948.928424 -0.280691 1328.000000 67.000000
1.261025 -263.266937 525.883728 2948.928395 -0.280552 1328.000000 67.000000
1.275479 -218.025558 512.483704 2948.928332 -0.280759 1328.000000 67.000000
1.289873 -172.595016 499.736725 2948.928266 -0.280548 1328.000000 67.000000
1.304258 -127.221634 486.792542 2948.928200 -0.280759 1328.000000 67.000000
1.318700 -81.852959 473.833893 2948.928188 -0.280849 1328.000000 67.000000
1.335201 -36.511829 460.781982 2948.928178 -0.280933 1328.000000 67.000000
1.349564 8.835687 447.753632 2948.928177 -0.280955 1328.000000 67.000000
1.364011 54.156868 434.635284 2948.928175 -0.280996 1328.000000 67.000000
1.380528 99.502007 421.600861 2948.928174 -0.280969 1328.000000 67.000000
1.394930 144.831528 408.512939 2948.928171 -0.281008 1328.000000 67.000000
1.409435 190.177643 395.482849 2948.928171 -0.281005 1328.000000 67.000000
1.423849 235.505249 382.388916 2948.928168 -0.281053 1328.000000 67.000000
1.440275 280.848328 369.348633 2948.928168 -0.281046 1328.000000 67.000000
1.454690 325.382996 356.471283 2887.284329 -0.281090 1328.000000 67.000000
1.469163 369.156342 343.920166 2825.640493 -0.281072 1328.000000 67.000000
1.483618 411.814758 331.529053 2763.996648 -0.281156 1328.000000 67.000000
1.500004 453.169098 319.732727 2702.352805 -0.281084 1328.000000 67.000000
1.514436 493.259277 307.990082 2640.708938 -0.281236 1328.000000 67.000000
1.528824 532.503418 296.809998 2579.065061 -0.281058 1328.000000 67.000000
1.545278 570.641113 285.628387 2517.421186 -0.281232 1328.000000 67.000000
1.559825 607.792236 275.046600 2455.777300 -0.281032 1328.000000 67.000000
1.574219 643.768738 264.489258 2394.133424 -0.281215 1328.000000 67.000000
1.588634 678.737854 254.536560 2332.489529 -0.280993 1328.000000 67.000000
1.605126 712.543152 244.603439 2270.845647 -0.281192 1328.000000 67.000000
1.619637 745.371826 235.266449 2209.201739 -0.280939 1328.000000 67.000000
1.634094 777.079407 225.944550 2147.557851 -0.281156 1328.000000 67.000000
1.648478 807.852478 217.200775 2085.913934 -0.280880 1328.000000 67.000000
1.665287 837.548340 208.467407 2024.270039 -0.281119 1328.000000 67.000000
1.679474 866.345093 200.293854 1962.626114 -0.280821 1328.000000 67.000000
1.694048 894.099609 192.130936 1900.982209 -0.281086 1328.000000 67.000000
1.710370 920.977783 184.510681 1839.338278 -0.280768 1328.000000 67.000000
1.724708 946.836243 176.905533 1777.694361 -0.281065 1328.000000 67.000000
1.739107 971.829285 169.827057 1716.050423 -0.280727 1328.000000 67.000000
1.753632 995.815247 162.773178 1654.406493 -0.281059 1328.000000 67.000000
1.769882 1018.760925 155.624832 1592.762551 -0.280701 1328.000000 67.000000
1.784310 1041.045532 149.685150 1531.116699 -0.279109 1328.000000 67.000000
1.798767 1062.269531 143.775284 1469.471279 -0.280548 1328.000000 67.000000
1.815225 1082.427002 137.894943 1407.827068 -0.281262 1328.000000 67.000000
1.829684 1101.708740 132.484070 1346.183201 -0.281050 1328.000000 67.000000
1.846118 1120.223511 127.811844 1284.539094 -0.281685 1328.000000 67.000000
1.858483 1137.247070 121.610283 1222.889315 -0.284727 1328.000000 67.000000
1.874957 1153.812256 117.308426 1161.224217 -0.278830 1328.000000 67.000000
1.889461 1169.551147 113.492004 1099.577213 -0.281166 1328.000000 67.000000
1.903868 1183.821533 108.180435 1037.923481 -0.285409 1328.000000 67.000000
1.918251 1197.596436 104.684006 976.252778 -0.278214 1328.000000 67.000000
1.934762 1210.514282 101.549599 914.604244 -0.281316 1328.000000 67.000000
1.949159 1221.978271 97.017380 852.950324 -0.286012 1328.000000 67.000000
1.965636 1232.937866 94.281174 791.262914 -0.275904 1328.000000 67.000000
1.979933 1243.054688 91.954094 729.614042 -0.279472 1328.000000 67.000000
1.994311 1251.761719 88.390617 667.955927 -0.285728 1328.000000 67.000000
2.008691 1259.907471 86.444557 606.262499 -0.273543 1328.000000 67.000000
2.023154 1267.196167 84.840836 544.612207 -0.278158 1328.000000 67.000000
2.039664 1274.711182 81.751976 606.241737 -0.285406 1328.000000 67.000000
2.054060 1281.622681 80.145836 544.526588 -0.270067 1328.000000 67.000000
2.070491 1287.915161 78.764961 482.872483 -0.276209 1328.000000 67.000000
2.084852 1293.466675 76.414253 421.207875 -0.285484 1328.000000 67.000000
2.099253 1298.078491 75.475616 359.485285 -0.266146 1328.000000 67.000000
2.113688 1301.391479 74.894524 297.823888 -0.276031 1328.000000 67.000000
2.130161 1305.290283 73.143692 359.444871 -0.288419 1328.000000 67.000000
2.144542 1308.625366 72.461250 297.695686 -0.264207 1328.000000 67.000000
2.158934 1311.387817 71.916725 236.035313 -0.274748 1328.000000 67.000000
2.175401 1313.389771 70.893295 162.289736 -0.287756 1328.000000 67.000000
2.189835 1315.537231 70.516045 194.654105 -0.260426 1328.000000 67.000000
2.204257 1316.019653 70.593971 107.010219 -0.274977 1328.000000 67.000000
2.220706 1317.026611 70.038635 133.362912 -0.291447 1328.000000 67.000000
2.235115 1317.510498 70.101387 54.091408 -0.270141 1328.000000 67.000000
2.249543 1318.135498 69.810150 85.584817 -0.287476 1328.000000 67.000000
2.263992 1318.952759 69.481483 105.432447 -0.277524 1328.000000 67.000000
2.278442 1319.914551 69.177368 114.424755 -0.267697 1328.000000 67.000000
2.294847 1320.013428 69.127937 34.151139 -0.263054 1328.000000 67.000000
2.309302 1320.786743 68.888618 61.581993 -0.260390 1328.000000 67.000000
2.323672 1321.361694 68.672073 75.240112 -0.256078 1328.000000 67.000000
2.340117 1320.764526 68.812317 7.952575 -0.246750 1328.000000 67.000000
split
0.014451 1320.736084 67.923470 65.956752 -1.244339 2051.000000 -2088.000000
0.028814 1321.030518 66.239258 127.600587 -1.244202 2051.000000 -2088.000000
0.043217 1320.745483 63.922092 189.244421 -1.244087 2051.000000 -2088.000000
0.059731 1320.343140 60.659027 250.888238 -1.243641 2051.000000 -2088.000000
0.074181 1320.484863 56.688141 312.532024 -1.243011 2051.000000 -2088.000000
0.090707 1321.121826 52.480274 374.175820 -1.242506 2051.000000 -2088.000000
0.105341 1322.729614 47.793583 435.819635 -1.242172 2051.000000 -2088.000000
0.119616 1324.637085 42.312332 497.463470 -1.242176 2051.000000 -2088.000000
0.134128 1326.770508 35.964848 559.107306 -1.242193 2051.000000 -2088.000000
0.150560 1329.284302 28.611790 620.751141 -1.242180 2051.000000 -2088.000000
0.165055 1332.328735 20.159691 682.394977 -1.242182 2051.000000 -2088.000000
0.179426 1336.180786 10.678488 744.038811 -1.242251 2051.000000 -2088.000000
0.193848 1340.754761 0.296243 805.682620 -1.242516 2051.000000 -2088.000000
0.210134 1345.432129 -11.220954 867.326376 -1.242961 2051.000000 -2088.000000
0.224523 1348.944336 -24.325018 928.970165 -1.243290 2051.000000 -2088.000000
0.238962 1354.113281 -38.197773 990.613923 -1.242881 2051.000000 -2088.000000
0.253373 1358.771606 -53.530514 1052.257740 -1.243078 2051.000000 -2088.000000
0.269889 1363.601440 -70.230568 1113.901544 -1.242834 2051.000000 -2088.000000
0.284353 1370.968872 -87.653053 1175.545300 -1.242455 2051.000000 -2088.000000
0.298782 1378.205200 -106.561668 1237.188893 -1.243097 2051.000000 -2088.000000
0.315248 1385.900879 -126.591354 1298.832646 -1.243462 2051.000000 -2088.000000
0.329632 1394.173950 -147.652298 1360.476373 -1.243871 2051.000000 -2088.000000
0.344085 1401.709106 -170.248138 1422.120023 -1.244395 2051.000000 -2088.000000
0.358488 1411.453491 -193.418610 1483.763856 -1.244341 2051.000000 -2088.000000
0.374938 1420.834839 -217.996460 1545.407091 -1.245241 2051.000000 -2088.000000
0.389359 1430.548828 -243.571747 1607.050717 -1.245762 2051.000000 -2088.000000
0.403842 1440.594849 -270.097198 1668.694324 -1.246295 2051.000000 -2088.000000
0.418285 1449.609253 -298.065125 1730.337903 -1.246850 2051.000000 -2088.000000
0.434711 1460.649048 -326.438507 1791.981708 -1.246661 2051.000000 -2088.000000
0.449108 1471.100952 -356.056671 1853.625014 -1.247430 2051.000000 -2088.000000
0.463531 1482.744141 -386.240784 1915.268780 -1.247703 2051.000000 -2088.000000
0.480023 1493.720215 -417.620087 1976.911984 -1.248516 2051.000000 -2088.000000
0.494405 1504.676025 -449.982910 2038.555749 -1.248784 2051.000000 -2088.000000
0.508844 1517.044800 -482.864532 2100.199576 -1.248871 2051.000000 -2088.000000
0.525319 1527.650879 -517.350708 2161.842763 -1.249657 2051.000000 -2088.000000
0.539674 1540.470337 -552.138489 2223.486332 -1.249161 2051.000000 -2088.000000
0.554114 1551.775146 -588.457336 2285.129592 -1.249881 2051.000000 -2088.000000
0.568687 1563.705322 -625.605469 2346.773185 -1.249420 2051.000000 -2088.000000
0.585182 1576.359985 -663.545166 2408.416935 -1.249151 2051.000000 -2088.000000
0.599611 1589.221924 -702.461426 2470.060771 -1.249158 2051.000000 -2088.000000
0.614007 1603.451172 -741.957031 2531.704601 -1.249090 2051.000000 -2088.000000
0.630491 1616.457397 -782.916382 2593.347793 -1.249803 2051.000000 -2088.000000
0.645015 1631.110229 -824.392212 2654.991397 -1.249380 2051.000000 -2088.000000
0.659438 1644.615112 -867.305908 2716.634754 -1.249981 2051.000000 -2088.000000
0.673909 1658.591675 -911.119141 2778.278168 -1.249424 2051.000000 -2088.000000
0.690354 1673.905884 -955.533630 2839.921702 -1.248958 2051.000000 -2088.000000
0.706784 1688.440552 -1001.264526 2901.565309 -1.249359 2051.000000 -2088.000000
0.719245 1704.325562 -1047.598145 2963.208667 -1.248786 2051.000000 -2088.000000
0.735630 1719.558228 -1093.462524 2901.564629 -1.249155 2051.000000 -2088.000000
0.750066 1733.915405 -1138.938965 2839.920790 -1.249110 2051.000000 -2088.000000
0.764457 1748.855347 -1182.921753 2778.276141 -1.248353 2051.000000 -2088.000000
0.778920 1762.430054 -1225.423340 2716.632223 -1.248596 2051.000000 -2088.000000
0.795320 1776.011597 -1266.370361 2654.987831 -1.247956 2051.000000 -2088.000000
0.809679 1789.170410 -1306.450928 2593.343973 -1.247828 2051.000000 -2088.000000
0.824139 1801.577759 -1345.571167 2531.700026 -1.247534 2051.000000 -2088.000000
0.838544 1814.693115 -1383.135620 2470.055285 -1.246689 2051.000000 -2088.000000
0.853023 1826.212158 -1419.850952 2408.410956 -1.247320 2051.000000 -2088.000000
0.869822 1838.662842 -1454.890259 2346.765762 -1.246258 2051.000000 -2088.000000
0.884254 1850.005371 -1488.955688 2285.120889 -1.247198 2051.000000 -2088.000000
0.898431 1860.281860 -1522.074829 2223.477036 -1.247074 2051.000000 -2088.000000
0.914870 1871.705200 -1553.561523 2161.831243 -1.245747 2051.000000 -2088.000000
0.929181 1881.115234 -1584.483154 2100.185392 -1.247113 2051.000000 -2088.000000
0.945737 1891.907593 -1613.791748 2038.538453 -1.245393 2051.000000 -2088.000000
0.960054 1901.560791 -1642.360840 1976.891630 -1.247105 2051.000000 -2088.000000
0.974480 1910.030884 -1670.240356 1915.247775 -1.247244 2051.000000 -2088.000000
0.988695 1919.963379 -1696.576050 1853.600519 -1.245354 2051.000000 -2088.000000
1.005106 1927.641479 -1722.569824 1791.951343 -1.247754 2051.000000 -2088.000000
1.019528 1936.954590 -1747.001831 1730.301830 -1.245237 2051.000000 -2088.000000
1.033960 1945.073120 -1770.816650 1668.651173 -1.248045 2051.000000 -2088.000000
1.048411 1951.919312 -1794.046509 1607.007179 -1.248481 2051.000000 -2088.000000
1.064924 1960.361938 -1815.743408 1545.357100 -1.245693 2051.000000 -2088.000000
1.079324 1966.431396 -1837.153320 1483.702515 -1.249423 2051.000000 -2088.000000
1.093745 1974.215332 -1857.000977 1422.048007 -1.245630 2051.000000 -2088.000000
1.110210 1980.790039 -1876.245728 1360.391308 -1.249884 2051.000000 -2088.000000
1.124577 1986.067871 -1894.914062 1298.747084 -1.250640 2051.000000 -2088.000000
1.139028 1992.931274 -1912.054321 1237.091525 -1.246391 2051.000000 -2088.000000
1.153386 1997.447266 -1928.873169 1175.428124 -1.252015 2051.000000 -2088.000000
1.169823 2003.612061 -1944.155762 1113.764154 -1.246161 2051.000000 -2088.000000
1.184305 2008.618408 -1958.816528 1052.097558 -1.252555 2051.000000 -2088.000000
1.198672 2012.377075 -1972.887573 990.452922 -1.253788 2051.000000 -2088.000000
1.215123 2017.594116 -1985.486816 928.786778 -1.247076 2051.000000 -2088.000000
1.229516 2020.663086 -1997.690796 867.107772 -1.255779 2051.000000 -2088.000000
1.243930 2025.157715 -2008.435791 805.428338 -1.246717 2051.000000 -2088.000000
1.258391 2028.610474 -2018.523193 743.743988 -1.256747 2051.000000 -2088.000000
1.274872 2030.934814 -2027.986694 682.098188 -1.259046 2051.000000 -2088.000000
1.289348 2034.438843 -2036.081055 620.413755 -1.248135 2051.000000 -2088.000000
1.303815 2036.147339 -2043.655518 558.710131 -1.262018 2051.000000 -2088.000000
1.320340 2039.154785 -2049.812256 497.008242 -1.247602 2051.000000 -2088.000000
1.334723 2041.063843 -2055.323975 435.239488 -1.270023 2051.000000 -2088.000000
1.349190 2041.998291 -2060.258545 373.588884 -1.275600 2051.000000 -2088.000000
1.363524 2043.715332 -2064.031006 311.880634 -1.257030 2051.000000 -2088.000000
1.380103 2044.050537 -2067.261230 250.182170 -1.275747 2051.000000 -2088.000000
1.394428 2045.124146 -2069.256104 188.438257 -1.247461 2051.000000 -2088.000000
1.408844 2046.086792 -2071.928467 247.806253 -1.267018 2051.000000 -2088.000000
1.425423 2046.301147 -2073.682861 170.644241 -1.274110 2051.000000 -2088.000000
1.439924 2046.966187 -2075.895020 201.595254 -1.253675 2051.000000 -2088.000000
1.454246 2047.287842 -2077.162109 111.781755 -1.249134 2051.000000 -2088.000000
1.468822 2047.530518 -2078.337158 131.251726 -1.240804 2051.000000 -2088.000000
1.483313 2047.789917 -2078.226807 49.862367 -1.226078 2051.000000 -2088.000000
1.499905 2047.851440 -2078.632812 79.956396 -1.253440 2051.000000 -2088.000000
1.514326 2048.023682 -2079.372559 99.533588 -1.246534 2051.000000 -2088.000000
1.528713 2048.256348 -2080.389648 108.875602 -1.238598 2051.000000 -2088.000000
1.545216 2048.231689 -2080.563965 30.032598 -1.224784 2051.000000 -2088.000000
1.559647 2048.677246 -2081.229736 57.742830 -1.214410 2051.000000 -2088.000000
1.573972 2048.805176 -2081.811523 71.409342 -1.240298 2051.000000 -2088.000000
1.590470 2048.570312 -2081.280762 5.593277 -1.229973 2051.000000 -2088.000000
split
0.014446 2049.101318 -2080.626465 60.400661 0.564957 2923.000000 -1527.000000
0.028768 2050.395752 -2079.755615 122.044494 0.564698 2923.000000 -1527.000000
0.043253 2052.105225 -2077.713379 183.688330 0.564656 2923.000000 -1527.000000
0.059825 2054.182129 -2074.770264 245.332109 0.563870 2923.000000 -1527.000000
0.074391 2056.452148 -2071.399414 306.975723 0.562529 2923.000000 -1527.000000
0.088603 2058.409424 -2067.569092 368.619165 0.560925 2923.000000 -1527.000000
0.103321 2060.086914 -2063.400879 430.262141 0.558766 2923.000000 -1527.000000
0.119840 2062.539795 -2059.614014 491.904518 0.556162 2923.000000 -1527.000000
0.134286 2066.036865 -2056.250977 553.547467 0.554264 2923.000000 -1527.000000
0.148677 2070.859375 -2053.293213 615.191020 0.553252 2923.000000 -1527.000000
0.163101 2077.399658 -2050.905762 676.834855 0.553270 2923.000000 -1527.000000
0.179427 2083.377686 -2047.045776 738.478015 0.554683 2923.000000 -1527.000000
0.193879 2090.227051 -2042.926636 800.121844 0.554548 2923.000000 -1527.000000
0.208295 2098.214355 -2038.619263 861.765675 0.554655 2923.000000 -1527.000000
0.224796 2107.523193 -2034.125000 923.409375 0.555217 2923.000000 -1527.000000
0.239159 2119.928223 -2031.012085 985.052618 0.556349 2923.000000 -1527.000000
0.253594 2133.437988 -2027.470337 1046.688088 0.560471 2923.000000 -1527.000000
0.268069 2147.217529 -2022.754883 1108.321452 0.564944 2923.000000 -1527.000000
0.284537 2160.779541 -2016.248047 1169.957754 0.568631 2923.000000 -1527.000000
0.298957 2174.076660 -2007.880005 1231.599228 0.570640 2923.000000 -1527.000000
0.313382 2186.758545 -1997.016602 1293.243048 0.570798 2923.000000 -1527.000000
0.327802 2200.766357 -1985.994873 1354.882443 0.568177 2923.000000 -1527.000000
0.344214 2216.947266 -1975.631714 1416.523437 0.566129 2923.000000 -1527.000000
0.358635 2233.659180 -1963.620239 1478.167268 0.566049 2923.000000 -1527.000000
0.373037 2253.166260 -1953.339600 1539.809570 0.564608 2923.000000 -1527.000000
0.389479 2273.737305 -1942.568481 1601.449654 0.566816 2923.000000 -1527.000000
0.403909 2293.573730 -1928.406128 1663.088319 0.569357 2923.000000 -1527.000000
0.418311 2314.763184 -1914.197388 1724.729880 0.567704 2923.000000 -1527.000000
0.434788 2337.003662 -1899.336182 1786.373145 0.566890 2923.000000 -1527.000000
0.449207 2358.986572 -1881.476440 1848.016329 0.566036 2923.000000 -1527.000000
0.463671 2384.024414 -1865.944214 1909.637695 0.561105 2923.000000 -1527.000000
0.480076 2410.260010 -1849.761841 1971.281460 0.561376 2923.000000 -1527.000000
0.494495 2436.139160 -1830.374878 2032.925103 0.561818 2923.000000 -1527.000000
0.508931 2464.265869 -1812.388794 2094.547728 0.557249 2923.000000 -1527.000000
0.523336 2491.023193 -1792.971680 2032.903346 0.556527 2923.000000 -1527.000000
0.537744 2517.420654 -1773.760986 1971.237648 0.551890 2923.000000 -1527.000000
0.554149 2544.642090 -1757.263672 1909.566076 0.546585 2923.000000 -1527.000000
0.568763 2569.842041 -1739.907349 1847.922225 0.546709 2923.000000 -1527.000000
0.585247 2594.622070 -1724.018677 1786.262212 0.542525 2923.000000 -1527.000000
0.599723 2618.862793 -1708.633545 1724.614348 0.540401 2923.000000 -1527.000000
0.614219 2642.351807 -1694.000488 1662.966936 0.538365 2923.000000 -1527.000000
0.628674 2664.802002 -1679.981567 1601.320996 0.536774 2923.000000 -1527.000000
0.643010 2686.369629 -1667.038086 1539.674302 0.534884 2923.000000 -1527.000000
0.657533 2706.685791 -1654.607666 1478.030262 0.534369 2923.000000 -1527.000000
0.674083 2726.012451 -1643.121216 1416.384987 0.532973 2923.000000 -1527.000000
0.688422 2744.155029 -1632.177979 1354.741078 0.532652 2923.000000 -1527.000000
0.702891 2761.361572 -1622.109131 1293.096521 0.531620 2923.000000 -1527.000000
0.719406 2777.460205 -1612.516724 1231.452651 0.531851 2923.000000 -1527.000000
0.734278 2792.690918 -1603.716431 1169.808585 0.531239 2923.000000 -1527.000000
0.748861 2806.179688 -1595.742188 1046.520492 0.532089 2923.000000 -1527.000000
0.763481 2818.857666 -1588.491089 984.876633 0.531879 2923.000000 -1527.000000
0.778143 2830.542236 -1581.740234 923.231703 0.533370 2923.000000 -1527.000000
0.792938 2841.284668 -1575.728638 861.587215 0.534558 2923.000000 -1527.000000
0.810147 2851.259766 -1569.955566 799.939099 0.537711 2923.000000 -1527.000000
0.822791 2860.610107 -1564.614624 738.293967 0.539511 2923.000000 -1527.000000
0.840360 2868.901855 -1559.671265 676.646730 0.542546 2923.000000 -1527.000000
0.852726 2876.296143 -1555.322021 615.002702 0.543301 2923.000000 -1527.000000
0.869476 2882.746338 -1551.378540 553.357844 0.545125 2923.000000 -1527.000000
0.884339 2888.378174 -1548.003296 491.713915 0.544544 2923.000000 -1527.000000
0.899215 2893.137695 -1545.042114 430.069941 0.545294 2923.000000 -1527.000000
0.914219 2897.112549 -1542.623535 368.425401 0.543485 2923.000000 -1527.000000
0.928777 2900.255127 -1540.637207 306.781523 0.543002 2923.000000 -1527.000000
0.943210 2902.616943 -1539.174072 245.136400 0.540105 2923.000000 -1527.000000
0.959632 2905.575928 -1537.321289 306.779882 0.538406 2923.000000 -1527.000000
0.974010 2907.743896 -1535.977295 245.134031 0.534781 2923.000000 -1527.000000
0.988438 2909.216553 -1534.991089 172.623356 0.531876 2923.000000 -1527.000000
1.004922 2911.509033 -1533.608887 209.088516 0.525404 2923.000000 -1527.000000
1.019364 2912.364258 -1533.088257 120.037108 0.521938 2923.000000 -1527.000000
1.033818 2913.176025 -1532.687500 142.216853 0.519903 2923.000000 -1527.000000
1.048243 2913.500977 -1532.551880 60.700663 0.524791 2923.000000 -1527.000000
1.064747 2914.065674 -1532.303955 90.742999 0.528921 2923.000000 -1527.000000
1.079206 2914.802246 -1531.922607 109.833858 0.535745 2923.000000 -1527.000000
1.093843 2914.724854 -1532.031494 33.320231 0.540774 2923.000000 -1527.000000
1.108483 2915.194336 -1531.786499 66.082387 0.546299 2923.000000 -1527.000000
1.125433 2916.040527 -1531.289307 86.422126 0.550075 2923.000000 -1527.000000
1.137834 2916.520996 -1530.960083 94.664330 0.552338 2923.000000 -1527.000000
1.154440 2916.463135 -1530.976807 20.345960 0.548627 2923.000000 -1527.000000
1.168874 2917.094971 -1530.572144 50.712864 0.546548 2923.000000 -1527.000000
1.183436 2917.608154 -1530.227295 66.001309 0.544038 2923.000000 -1527.000000
1.198042 2917.153076 -1530.459106 2.442093 0.539353 2923.000000 -1527.000000
split
