1293.970825 -859.843567 0.000000 0.000000 0.000000 0.000000
1292.299683 -858.784302 73.770492 2.555092 0.000000 0.000000
1289.656982 -857.456482 147.540984 2.555064 0.000000 0.000000
1285.944458 -856.072021 221.311471 2.554834 0.000000 0.000000
1281.105591 -855.008484 295.081925 2.554249 0.000000 0.000000
1275.708740 -854.274719 368.852217 2.553083 0.000000 0.000000
1270.219727 -853.859558 442.622263 2.551529 0.000000 0.000000
1264.652344 -853.852722 516.392062 2.549759 0.000000 0.000000
1259.078613 -852.911377 590.161488 2.547728 0.000000 0.000000
1253.314697 -850.921509 663.931281 2.546190 0.000000 0.000000
1246.994019 -849.288879 737.701410 2.545143 0.000000 0.000000
1240.345825 -845.610229 811.471118 2.543685 0.000000 0.000000
1232.993774 -842.074280 885.241521 2.543218 0.000000 0.000000
1225.049927 -838.287354 959.011717 2.542401 0.000000 0.000000
1217.087036 -830.924011 1032.781811 2.541489 0.000000 0.000000
1208.430664 -822.782410 1106.551709 2.542562 0.000000 0.000000
1199.071045 -813.887268 1180.321321 2.543822 0.000000 0.000000
1187.982788 -806.945435 1254.090591 2.545261 0.000000 0.000000
1176.170166 -799.397156 1327.861012 2.544924 0.000000 0.000000
1163.538086 -791.103882 1401.631453 2.544648 0.000000 0.000000
1150.099976 -781.503357 1475.401924 2.544476 0.000000 0.000000
1136.786987 -768.257202 1549.172360 2.544752 0.000000 0.000000
1122.415161 -754.900940 1622.937886 2.547284 0.000000 0.000000
1105.466431 -744.625793 1696.704336 2.549515 0.000000 0.000000
1087.366699 -734.658447 1770.474413 2.548816 0.000000 0.000000
1068.488281 -724.050720 1844.243155 2.547410 0.000000 0.000000
1048.354492 -713.303894 1918.011895 2.546031 0.000000 0.000000
1027.731079 -701.045166 1991.778957 2.544140 0.000000 0.000000
1006.347412 -687.992859 2065.548065 2.542962 0.000000 0.000000
982.337097 -677.205444 2139.317441 2.541922 0.000000 0.000000
957.394897 -665.782410 2213.071718 2.538029 0.000000 0.000000
933.193054 -650.943970 2286.823835 2.533954 0.000000 0.000000
906.329163 -638.126160 2360.591965 2.532516 0.000000 0.000000
880.700623 -621.615173 2434.339802 2.528135 0.000000 0.000000
852.468323 -607.007385 2508.108647 2.526972 0.000000 0.000000
821.651672 -594.061584 2581.857514 2.522819 0.000000 0.000000
790.406372 -579.771057 2655.560549 2.515591 0.000000 0.000000
757.833679 -565.248169 2729.268523 2.508729 0.000000 0.000000
726.042358 -550.929688 2655.410886 2.500738 0.000000 0.000000
696.277710 -535.430542 2581.549765 2.492476 0.000000 0.000000
665.573181 -519.719604 2655.266935 2.486048 0.000000 0.000000
634.533325 -506.261780 2581.423416 2.478632 0.000000 0.000000
604.923828 -491.665375 2507.511515 2.468165 0.000000 0.000000
573.132690 -478.384460 2433.638279 2.459112 0.000000 0.000000
542.122681 -464.843140 2359.660434 2.446058 0.000000 0.000000
514.019897 -449.077881 2285.682226 2.432789 0.000000 0.000000
484.710999 -434.001343 2211.813604 2.423523 0.000000 0.000000
456.245300 -417.644928 2137.878836 2.411335 0.000000 0.000000
429.297424 -397.055084 2211.520024 2.400337 0.000000 0.000000
400.787781 -378.401031 2137.720271 2.395192 0.000000 0.000000
373.175720 -359.356659 2063.836936 2.384917 0.000000 0.000000
348.107788 -338.453400 1989.966114 2.375057 0.000000 0.000000
322.217773 -320.493835 1916.172684 2.370256 0.000000 0.000000
299.861725 -301.548218 1842.278144 2.358877 0.000000 0.000000
279.847595 -281.629059 1768.479925 2.353390 0.000000 0.000000
259.017670 -264.105530 1694.709313 2.353022 0.000000 0.000000
241.112991 -245.526062 1620.902436 2.346469 0.000000 0.000000
222.659378 -229.355789 1547.131594 2.347126 0.000000 0.000000
205.877975 -213.511429 1473.335568 2.341381 0.000000 0.000000
191.532898 -197.203339 1399.556631 2.337995 0.000000 0.000000
176.405289 -183.575500 1325.777002 2.341609 0.000000 0.000000
164.507355 -168.674591 1251.987680 2.336279 0.000000 0.000000
151.455612 -156.616257 1178.182826 2.343688 0.000000 0.000000
138.327454 -143.512863 1251.942711 2.339445 0.000000 0.000000
126.182327 -131.030609 1178.170523 2.337798 0.000000 0.000000
114.350883 -119.275169 1104.399911 2.337347 0.000000 0.000000
103.147095 -107.702728 1030.626680 2.335120 0.000000 0.000000
93.368881 -97.208199 956.856044 2.334592 0.000000 0.000000
84.744217 -88.303535 883.084533 2.336051 0.000000 0.000000
76.945175 -79.905151 809.313962 2.335629 0.000000 0.000000
69.678467 -72.307358 735.542306 2.337325 0.000000 0.000000
61.792019 -63.959209 809.312751 2.337681 0.000000 0.000000
54.558834 -56.426376 735.541595 2.338962 0.000000 0.000000
47.936874 -49.295471 661.771043 2.339369 0.000000 0.000000
41.818211 -42.671886 587.997857 2.342223 0.000000 0.000000
37.027103 -37.325752 514.222966 2.346091 0.000000 0.000000
33.237965 -33.390465 440.442948 2.352178 0.000000 0.000000
28.627214 -28.634535 514.212782 2.353906 0.000000 0.000000
24.553101 -24.584307 440.441090 2.356067 0.000000 0.000000
21.004641 -20.902266 366.670541 2.355559 0.000000 0.000000
17.692707 -17.589861 292.898312 2.358637 0.000000 0.000000
15.464269 -15.376508 219.127788 2.359109 0.000000 0.000000
13.001619 -13.008699 292.898279 2.359040 0.000000 0.000000
11.228449 -11.331076 210.133348 2.355922 0.000000 0.000000
10.000783 -10.320312 121.782445 2.351645 0.000000 0.000000
8.058174 -8.500676 165.758330 2.340472 0.000000 0.000000
7.498549 -8.003923 70.388744 2.329478 0.000000 0.000000
7.056414 -7.472362 106.753501 2.323606 0.000000 0.000000
6.099060 -6.387386 129.408820 2.327573 0.000000 0.000000
6.094169 -6.350749 36.971188 2.333107 0.000000 0.000000
5.627325 -5.866261 73.464972 2.335580 0.000000 0.000000
4.811776 -5.049906 93.867361 2.335409 0.000000 0.000000
5.166766 -5.505914 11.868156 2.332052 0.000000 0.000000
4.934237 -5.298347 52.618915 2.324428 0.000000 0.000000
4.305541 -4.631758 76.044348 2.320626 0.000000 0.000000
4.736482 -5.045419 1.278592 2.319710 0.000000 0.000000
split
5.760732 -4.514834 73.737186 0.722862 2586.000000 2272.000000
7.389277 -3.296792 147.507677 0.722943 2586.000000 2272.000000
10.368733 -2.385380 221.278169 0.722991 2586.000000 2272.000000
14.231256 -1.415825 295.048645 0.723366 2586.000000 2272.000000
18.576973 -0.534819 368.819095 0.723899 2586.000000 2272.000000
22.739937 0.695964 442.589510 0.724546 2586.000000 2272.000000
26.724331 2.764359 516.359938 0.725082 2586.000000 2272.000000
31.173807 4.774377 590.130403 0.725402 2586.000000 2272.000000
35.479973 8.627369 663.900842 0.725826 2586.000000 2272.000000
40.379665 12.829609 737.671334 0.725819 2586.000000 2272.000000
45.823364 17.646532 811.441825 0.725851 2586.000000 2272.000000
50.705112 25.673965 885.212317 0.725854 2586.000000 2272.000000
57.409931 32.545197 958.982514 0.725038 2586.000000 2272.000000
64.754181 40.432945 1032.752985 0.724832 2586.000000 2272.000000
72.872116 49.373802 1106.523428 0.724525 2586.000000 2272.000000
82.333427 58.431725 1180.293835 0.724133 2586.000000 2272.000000
91.811661 69.726288 1254.064313 0.723978 2586.000000 2272.000000
102.439514 81.459183 1327.834535 0.723322 2586.000000 2272.000000
114.265953 93.614105 1401.604839 0.722790 2586.000000 2272.000000
128.513519 104.579529 1475.375223 0.722398 2586.000000 2272.000000
142.486160 117.831161 1549.145617 0.722762 2586.000000 2272.000000
157.396698 131.723007 1622.916073 0.722548 2586.000000 2272.000000
175.487762 143.562317 1696.686541 0.722375 2586.000000 2272.000000
192.006699 159.212585 1770.456255 0.723333 2586.000000 2272.000000
211.771774 172.740585 1844.226691 0.723083 2586.000000 2272.000000
232.599426 186.872574 1917.996392 0.724009 2586.000000 2272.000000
252.031189 204.588272 1991.765885 0.725030 2586.000000 2272.000000
275.023621 220.145203 2065.536362 0.724910 2586.000000 2272.000000
298.425354 237.029572 2139.305452 0.726075 2586.000000 2272.000000
322.839478 254.604233 2213.074977 0.727026 2586.000000 2272.000000
350.580383 270.447845 2286.844315 0.728047 2586.000000 2272.000000
377.190002 289.525909 2360.609220 0.730257 2586.000000 2272.000000
404.769775 309.522491 2434.378036 0.731449 2586.000000 2272.000000
433.994781 329.685181 2508.146756 0.732656 2586.000000 2272.000000
464.041260 350.861450 2581.914147 0.734228 2586.000000 2272.000000
497.273468 370.706177 2655.681573 0.735769 2586.000000 2272.000000
530.075623 392.913025 2729.442469 0.738457 2586.000000 2272.000000
565.646484 414.260193 2803.207328 0.740489 2586.000000 2272.000000
601.882019 436.838318 2876.965184 0.743491 2586.000000 2272.000000
638.728882 460.637756 2950.723366 0.746417 2586.000000 2272.000000
677.231018 483.177582 2950.711483 0.749255 2586.000000 2272.000000
715.828735 505.974365 2950.691114 0.752970 2586.000000 2272.000000
753.792969 529.640991 2950.669875 0.756765 2586.000000 2272.000000
791.709290 553.291016 2950.651766 0.760268 2586.000000 2272.000000
828.592590 578.410156 2950.632449 0.763887 2586.000000 2272.000000
866.246216 603.676331 2950.618983 0.766908 2586.000000 2272.000000
903.527649 630.134094 2950.602802 0.770220 2586.000000 2272.000000
939.978821 658.181641 2950.589838 0.773184 2586.000000 2272.000000
977.011475 686.237061 2950.581788 0.775520 2586.000000 2272.000000
1011.873596 717.038208 2950.571749 0.778128 2586.000000 2272.000000
1047.321045 747.773560 2950.569815 0.779274 2586.000000 2272.000000
1082.843628 778.907043 2950.566898 0.780680 2586.000000 2272.000000
1117.522217 811.373474 2950.564170 0.782040 2586.000000 2272.000000
1152.470337 843.887268 2950.563491 0.782718 2586.000000 2272.000000
1186.731812 877.226746 2950.562576 0.783505 2586.000000 2272.000000
1220.554810 911.021179 2950.562457 0.783789 2586.000000 2272.000000
1254.222168 944.914307 2950.562456 0.783760 2586.000000 2272.000000
1287.810547 978.785217 2950.562432 0.783633 2586.000000 2272.000000
1321.418091 1012.516724 2950.562397 0.783478 2586.000000 2272.000000
1355.059326 1046.094849 2950.562382 0.783378 2586.000000 2272.000000
1388.693726 1079.567017 2950.562381 0.783349 2586.000000 2272.000000
1422.314209 1112.953979 2950.562380 0.783359 2586.000000 2272.000000
1455.922607 1146.270386 2950.562378 0.783401 2586.000000 2272.000000
1489.523315 1179.529541 2950.562371 0.783471 2586.000000 2272.000000
1523.119995 1212.743530 2950.562357 0.783568 2586.000000 2272.000000
1556.714600 1245.924805 2950.562334 0.783691 2586.000000 2272.000000
1590.307251 1279.084717 2950.562303 0.783836 2586.000000 2272.000000
1623.897583 1312.232910 2950.562263 0.784001 2586.000000 2272.000000
1657.484741 1345.377319 2950.562214 0.784183 2586.000000 2272.000000
1691.068237 1378.523438 2950.562158 0.784378 2586.000000 2272.000000
1724.647339 1411.675049 2950.562095 0.784584 2586.000000 2272.000000
1758.221802 1444.834595 2950.562026 0.784801 2586.000000 2272.000000
1791.791260 1478.003540 2950.561950 0.785028 2586.000000 2272.000000
1825.355347 1511.182251 2950.561868 0.785265 2586.000000 2272.000000
1858.557861 1543.340942 2876.791286 0.785512 2586.000000 2272.000000
1890.759155 1575.110107 2803.020044 0.786234 2586.000000 2272.000000
1922.323730 1605.609619 2729.249382 0.786583 2586.000000 2272.000000
1952.164185 1635.385864 2655.477890 0.787439 2586.000000 2272.000000
1981.153809 1663.995728 2581.707370 0.787585 2586.000000 2272.000000
2009.635742 1691.539062 2507.936653 0.788002 2586.000000 2272.000000
2036.256226 1719.193848 2434.165060 0.788939 2586.000000 2272.000000
2063.041992 1744.812866 2360.393858 0.788176 2586.000000 2272.000000
2089.790771 1771.353760 2434.162507 0.789425 2586.000000 2272.000000
2114.803955 1797.728760 2360.391796 0.789849 2586.000000 2272.000000
2140.659180 1822.219849 2286.619609 0.788651 2586.000000 2272.000000
2164.660400 1847.725586 2212.845787 0.790358 2586.000000 2272.000000
2188.141357 1871.313843 2139.072842 0.788869 2586.000000 2272.000000
2210.996094 1892.891602 2065.302345 0.788939 2586.000000 2272.000000
2231.631104 1915.290405 1991.528118 0.790841 2586.000000 2272.000000
2253.052490 1935.319946 1917.753019 0.788690 2586.000000 2272.000000
2272.084961 1956.141846 1843.977533 0.790972 2586.000000 2272.000000
2291.065186 1975.371338 1770.201331 0.788484 2586.000000 2272.000000
2310.014160 1992.962402 1696.430795 0.788261 2586.000000 2272.000000
2326.440918 2011.403076 1622.654414 0.790897 2586.000000 2272.000000
2343.731934 2027.211060 1548.873966 0.787393 2586.000000 2272.000000
2358.469238 2043.881348 1475.095640 0.790574 2586.000000 2272.000000
2374.572998 2060.293701 1548.854998 0.786688 2586.000000 2272.000000
2390.723145 2075.005371 1475.084198 0.786058 2586.000000 2272.000000
2404.775146 2090.842285 1401.303506 0.789777 2586.000000 2272.000000
2420.231445 2104.439941 1327.518418 0.785213 2586.000000 2272.000000
2432.763428 2118.740967 1253.727408 0.790773 2586.000000 2272.000000
2444.877686 2131.029297 1179.939300 0.785471 2586.000000 2272.000000
2457.223389 2141.874512 1106.168588 0.784861 2586.000000 2272.000000
2467.238770 2153.721436 1032.379826 0.790608 2586.000000 2272.000000
2478.089844 2163.170166 958.582231 0.783362 2586.000000 2272.000000
2488.026611 2174.760010 1032.333824 0.789641 2586.000000 2272.000000
2497.832520 2184.849121 958.530297 0.781641 2586.000000 2272.000000
2507.807617 2193.666260 884.757807 0.779600 2586.000000 2272.000000
2516.012939 2203.513672 810.967447 0.786301 2586.000000 2272.000000
2524.529785 2210.590088 737.141066 0.774561 2586.000000 2272.000000
2530.438477 2217.803467 663.331119 0.784907 2586.000000 2272.000000
2536.328369 2223.784668 589.513305 0.772962 2586.000000 2272.000000
2542.179688 2228.420410 515.741057 0.770522 2586.000000 2272.000000
2547.346680 2235.081787 589.473657 0.782644 2586.000000 2272.000000
2552.956055 2239.646240 515.582887 0.762442 2586.000000 2272.000000
2557.444092 2244.085693 441.772742 0.774845 2586.000000 2272.000000
2560.977783 2248.674561 368.002106 0.774037 2586.000000 2272.000000
2564.478271 2250.873047 294.128096 0.750317 2586.000000 2272.000000
2567.051025 2254.371826 367.800514 0.776142 2586.000000 2272.000000
2569.310059 2256.962158 293.897569 0.749304 2586.000000 2272.000000
2571.551514 2258.619873 220.089789 0.733374 2586.000000 2272.000000
2574.630127 2261.404541 291.570623 0.747026 2586.000000 2272.000000
2576.547363 2262.405029 191.993511 0.750157 2586.000000 2272.000000
2576.712402 2262.726074 96.875075 0.792871 2586.000000 2272.000000
2577.780029 2263.651123 138.235973 0.784662 2586.000000 2272.000000
2577.371094 2263.837646 49.337107 0.793178 2586.000000 2272.000000
2577.520996 2263.996094 94.847909 0.757620 2586.000000 2272.000000
2578.899902 2264.882324 128.747691 0.756582 2586.000000 2272.000000
2579.265137 2265.070801 38.937369 0.786635 2586.000000 2272.000000
2580.171143 2265.596191 78.339526 0.799620 2586.000000 2272.000000
2580.982178 2266.560059 100.061163 0.832365 2586.000000 2272.000000
2580.539062 2266.213867 15.991495 0.825740 2586.000000 2272.000000
2580.602295 2266.553955 56.614195 0.814304 2586.000000 2272.000000
2581.242920 2267.168457 80.721578 0.789856 2586.000000 2272.000000
2580.820557 2266.709229 4.047038 0.793164 2586.000000 2272.000000
split
2579.769043 2266.020264 69.820553 -2.567924 -613.000000 203.000000
2578.161621 2264.859131 143.591044 -2.567926 -613.000000 203.000000
2575.859131 2262.227539 217.361536 -2.567953 -613.000000 203.000000
2573.571777 2258.674561 291.132021 -2.568206 -613.000000 203.000000
2571.747314 2254.768799 364.902482 -2.568666 -613.000000 203.000000
2570.407471 2250.547607 438.672907 -2.569271 -613.000000 203.000000
2569.474365 2246.090576 512.443277 -2.570017 -613.000000 203.000000
2567.604736 2242.026123 586.213580 -2.570875 -613.000000 203.000000
2564.569824 2238.206543 659.983953 -2.571513 -613.000000 203.000000
2561.472412 2233.809570 733.754387 -2.571931 -613.000000 203.000000
2556.207275 2229.845947 807.524772 -2.572470 -613.000000 203.000000
2550.592041 2225.134277 881.295256 -2.572603 -613.000000 203.000000
2544.415283 2219.866455 955.065720 -2.572855 -613.000000 203.000000
2534.916504 2215.772217 1028.836170 -2.573152 -613.000000 203.000000
2524.414795 2211.334473 1102.606560 -2.572706 -613.000000 203.000000
2512.927490 2206.592529 1176.376906 -2.572192 -613.000000 203.000000
2502.585693 2199.655273 1250.147191 -2.571599 -613.000000 203.000000
2491.383057 2192.386963 1323.917680 -2.571669 -613.000000 203.000000
2479.146973 2184.773438 1397.688171 -2.571690 -613.000000 203.000000
2465.904785 2176.541260 1471.458661 -2.571637 -613.000000 203.000000
2448.256348 2170.656494 1545.229151 -2.571579 -613.000000 203.000000
2430.302246 2163.465820 1618.998424 -2.570323 -613.000000 203.000000
2412.085938 2155.166992 1692.768089 -2.569312 -613.000000 203.000000
2393.410889 2146.077637 1766.538036 -2.568510 -613.000000 203.000000
2377.152832 2132.787842 1840.308101 -2.567815 -613.000000 203.000000
2360.001953 2119.389648 1914.078196 -2.568471 -613.000000 203.000000
2342.066650 2105.403809 1987.848395 -2.569025 -613.000000 203.000000
2325.260498 2088.203857 2061.618552 -2.569605 -613.000000 203.000000
2304.997803 2073.481201 2135.386610 -2.571141 -613.000000 203.000000
2284.149902 2057.578125 2209.156915 -2.571560 -613.000000 203.000000
2264.326904 2038.383789 2282.926980 -2.572181 -613.000000 203.000000
2241.458740 2021.541504 2356.694530 -2.573786 -613.000000 203.000000
2219.587891 2001.324585 2430.464650 -2.574348 -613.000000 203.000000
2196.955322 1980.291870 2504.232111 -2.575927 -613.000000 203.000000
2172.960938 1959.279541 2577.999018 -2.577619 -613.000000 203.000000
2149.437500 1935.481323 2651.766618 -2.579117 -613.000000 203.000000
2123.671631 1913.161133 2725.529932 -2.581444 -613.000000 203.000000
2098.233154 1888.170532 2799.296859 -2.583061 -613.000000 203.000000
2071.615967 1863.022095 2873.059182 -2.585477 -613.000000 203.000000
2043.850342 1837.722290 2946.821973 -2.587792 -613.000000 203.000000
2017.094360 1810.456055 2946.814732 -2.590009 -613.000000 203.000000
1990.451050 1782.838501 2946.801602 -2.592994 -613.000000 203.000000
1964.019165 1754.744629 2946.786744 -2.596170 -613.000000 203.000000
1937.450195 1726.791382 2946.769452 -2.599596 -613.000000 203.000000
1910.731323 1698.176758 2946.751943 -2.603043 -613.000000 203.000000
1883.133179 1669.315430 2946.731747 -2.606745 -613.000000 203.000000
1854.646851 1640.235107 2946.711379 -2.610464 -613.000000 203.000000
1825.265015 1611.017334 2946.690904 -2.614191 -613.000000 203.000000
1794.845093 1581.862305 2946.670570 -2.617906 -613.000000 203.000000
1763.342285 1553.095703 2946.651297 -2.621523 -613.000000 203.000000
1730.436157 1525.518311 2946.634208 -2.624929 -613.000000 203.000000
1697.184814 1497.180054 2946.622072 -2.627799 -613.000000 203.000000
1662.892456 1469.420532 2946.607468 -2.630947 -613.000000 203.000000
1627.220337 1442.929199 2946.595387 -2.633811 -613.000000 203.000000
1591.238281 1415.715576 2946.587818 -2.636077 -613.000000 203.000000
1554.221436 1389.228271 2946.578328 -2.638616 -613.000000 203.000000
1516.287720 1363.267090 2946.571384 -2.640786 -613.000000 203.000000
1477.591675 1337.624512 2946.566175 -2.642667 -613.000000 203.000000
1438.129395 1312.360962 2946.562006 -2.644349 -613.000000 203.000000
1398.165283 1286.948853 2946.558910 -2.645799 -613.000000 203.000000
1357.419312 1262.308716 2946.555761 -2.647261 -613.000000 203.000000
1316.733643 1237.152466 2946.554123 -2.648315 -613.000000 203.000000
1275.660278 1212.606201 2946.551553 -2.649636 -613.000000 203.000000
1233.872681 1189.444092 2946.549949 -2.650679 -613.000000 203.000000
1192.070679 1166.435913 2946.549771 -2.651026 -613.000000 203.000000
1150.282837 1143.574341 2946.549644 -2.651320 -613.000000 203.000000
1108.577026 1120.751709 2946.549555 -2.651566 -613.000000 203.000000
1067.018555 1097.840454 2946.549455 -2.651827 -613.000000 203.000000
1025.541626 1074.950073 2946.549274 -2.652177 -613.000000 203.000000
984.076355 1052.187012 2946.549062 -2.652557 -613.000000 203.000000
942.618591 1029.531616 2946.548891 -2.652897 -613.000000 203.000000
901.153259 1006.981873 2946.548752 -2.653204 -613.000000 203.000000
859.675232 984.523132 2946.548647 -2.653471 -613.000000 203.000000
818.182190 962.139832 2946.548569 -2.653701 -613.000000 203.000000
776.672852 939.817993 2946.548511 -2.653900 -613.000000 203.000000
735.147339 917.544556 2946.548468 -2.654070 -613.000000 203.000000
693.605713 895.307678 2946.548436 -2.654219 -613.000000 203.000000
652.050354 873.095825 2946.548411 -2.654350 -613.000000 203.000000
610.484680 850.898560 2946.548390 -2.654469 -613.000000 203.000000
568.912109 828.707153 2946.548370 -2.654584 -613.000000 203.000000
527.335876 806.515076 2946.548350 -2.654701 -613.000000 203.000000
485.758484 784.317688 2946.548327 -2.654825 -613.000000 203.000000
444.181580 762.112549 2946.548300 -2.654962 -613.000000 203.000000
402.606140 739.898804 2946.548265 -2.655116 -613.000000 203.000000
361.032471 717.676941 2946.548220 -2.655290 -613.000000 203.000000
320.331512 695.905273 2872.777672 -2.655485 -613.000000 203.000000
280.752747 674.103271 2799.007109 -2.655708 -613.000000 203.000000
242.077789 653.405884 2725.235749 -2.656495 -613.000000 203.000000
203.422882 632.004395 2799.006130 -2.656781 -613.000000 203.000000
165.751419 611.836792 2725.234245 -2.657779 -613.000000 203.000000
128.172272 592.631958 2651.463561 -2.658153 -613.000000 203.000000
91.675018 572.535461 2577.692663 -2.657599 -613.000000 203.000000
56.072025 554.538330 2503.920850 -2.658612 -613.000000 203.000000
22.863783 536.170898 2430.149579 -2.657823 -613.000000 203.000000
-9.637901 518.861938 2356.377525 -2.658957 -613.000000 203.000000
-41.009037 501.989258 2282.606878 -2.659320 -613.000000 203.000000
-71.461723 486.074921 2208.835951 -2.659937 -613.000000 203.000000
-100.642815 470.487885 2135.065459 -2.659932 -613.000000 203.000000
-128.888977 455.892914 2061.294689 -2.660443 -613.000000 203.000000
-155.823120 441.556885 1987.524134 -2.660197 -613.000000 203.000000
-181.800369 428.132294 1913.753435 -2.660654 -613.000000 203.000000
-206.523163 415.007843 1839.982889 -2.660416 -613.000000 203.000000
-230.318481 402.762054 1766.212236 -2.660835 -613.000000 203.000000
-252.904755 390.808960 1692.441642 -2.660496 -613.000000 203.000000
-276.330078 378.781219 1766.212027 -2.660851 -613.000000 203.000000
-298.613922 367.103394 1692.441362 -2.660408 -613.000000 203.000000
-320.395477 355.927094 1618.670860 -2.660516 -613.000000 203.000000
-341.649841 344.777527 1544.900151 -2.659997 -613.000000 203.000000
-361.561981 334.490814 1471.129648 -2.660116 -613.000000 203.000000
-379.836456 324.792572 1397.359058 -2.659750 -613.000000 203.000000
-397.468903 315.735901 1323.588407 -2.660227 -613.000000 203.000000
-414.128906 306.916321 1249.817708 -2.659667 -613.000000 203.000000
-429.963409 298.790253 1176.047108 -2.660083 -613.000000 203.000000
-444.709564 290.984375 1102.276379 -2.659448 -613.000000 203.000000
-458.522736 283.881317 1028.505793 -2.659862 -613.000000 203.000000
-472.942444 276.236542 1102.276098 -2.659259 -613.000000 203.000000
-486.370972 269.023193 1028.505450 -2.659791 -613.000000 203.000000
-499.086334 261.981018 954.734232 -2.660979 -613.000000 203.000000
-511.380402 255.416519 880.959859 -2.663831 -613.000000 203.000000
-522.195679 249.640381 807.188315 -2.665376 -613.000000 203.000000
-531.528076 244.878815 733.416630 -2.667096 -613.000000 203.000000
-540.013611 240.451477 659.646103 -2.666786 -613.000000 203.000000
-547.658386 236.582809 585.875445 -2.667497 -613.000000 203.000000
-556.046570 232.207245 659.645811 -2.666842 -613.000000 203.000000
-563.470642 228.418091 585.875055 -2.667736 -613.000000 203.000000
-570.106995 224.863174 512.104538 -2.667447 -613.000000 203.000000
-576.301086 221.699905 438.332100 -2.670204 -613.000000 203.000000
-581.043274 219.270981 364.561605 -2.670335 -613.000000 203.000000
-586.005310 216.797714 438.332079 -2.670647 -613.000000 203.000000
-590.173645 214.702896 364.561051 -2.669083 -613.000000 203.000000
-593.817139 213.011261 290.790279 -2.667843 -613.000000 203.000000
-597.006714 211.434662 217.012139 -2.660590 -613.000000 203.000000
-598.712769 210.593719 136.195091 -2.656276 -613.000000 203.000000
-600.377625 209.714890 188.851196 -2.653061 -613.000000 203.000000
-601.043030 209.359940 97.300523 -2.652687 -613.000000 203.000000
-602.383484 208.601776 140.773823 -2.652750 -613.000000 203.000000
-603.027161 208.229950 51.908090 -2.656073 -613.000000 203.000000
-603.847290 207.719116 94.304842 -2.658601 -613.000000 203.000000
-604.826050 207.130692 120.601511 -2.665545 -613.000000 203.000000
-604.683594 207.094131 31.687733 -2.673676 -613.000000 203.000000
-605.170105 206.836090 71.793911 -2.684127 -613.000000 203.000000
-606.130920 206.319061 96.111604 -2.686035 -613.000000 203.000000
-605.583984 206.595230 13.797283 -2.691484 -613.000000 203.000000
-605.875488 206.475449 56.212567 -2.690185 -613.000000 203.000000
-606.665283 206.062027 81.832490 -2.687740 -613.000000 203.000000
-606.023071 206.354538 4.781462 -2.691335 -613.000000 203.000000
split
-604.803650 206.694214 69.062666 0.274531 2219.000000 1002.000000
-602.995117 207.326279 142.833157 0.274532 2219.000000 1002.000000
-600.022217 209.054474 216.603649 0.274492 2219.000000 1002.000000
-596.755371 211.674606 290.374132 0.274199 2219.000000 1002.000000
-593.775024 214.748596 364.144578 0.273639 2219.000000 1002.000000
-591.118347 218.267166 437.914971 0.272901 2219.000000 1002.000000
-588.760376 222.161835 511.685279 0.271985 2219.000000 1002.000000
-585.650391 225.427353 585.455478 0.270915 2219.000000 1002.000000
-581.551392 228.146988 659.225784 0.270120 2219.000000 1002.000000
-577.262268 231.465942 732.996185 0.269595 2219.000000 1002.000000
-571.095764 233.757095 806.766493 0.268885 2219.000000 1002.000000
-564.389038 236.722565 880.536969 0.268688 2219.000000 1002.000000
-556.977295 240.089844 954.307399 0.268315 2219.000000 1002.000000
-546.773865 241.343948 1028.077796 0.267869 2219.000000 1002.000000
-535.510803 242.649460 1101.848149 0.268389 2219.000000 1002.000000
-524.662476 246.170273 1175.618439 0.268994 2219.000000 1002.000000
-512.611023 249.477249 1249.388912 0.268814 2219.000000 1002.000000
-499.513672 252.799942 1323.159404 0.268819 2219.000000 1002.000000
-485.212219 256.083221 1396.929890 0.268916 2219.000000 1002.000000
-467.417969 255.852066 1470.700346 0.269142 2219.000000 1002.000000
-448.833649 256.393250 1544.468515 0.270919 2219.000000 1002.000000
-430.700104 259.998596 1618.237013 0.272527 2219.000000 1002.000000
-412.120758 264.673401 1692.007292 0.273039 2219.000000 1002.000000
-393.158295 270.841034 1765.777755 0.273225 2219.000000 1002.000000
-373.147919 277.493927 1839.548166 0.272922 2219.000000 1002.000000
-350.842072 281.806976 1913.318527 0.272545 2219.000000 1002.000000
-328.615967 289.285706 1987.088559 0.273239 2219.000000 1002.000000
-305.606201 297.378510 2060.858845 0.272784 2219.000000 1002.000000
-282.813843 309.085846 2134.628956 0.272175 2219.000000 1002.000000
-259.118439 321.517365 2208.395248 0.270192 2219.000000 1002.000000
-233.149994 331.255219 2282.160392 0.267991 2219.000000 1002.000000
-206.990891 344.171112 2355.929768 0.267002 2219.000000 1002.000000
-178.636047 353.990479 2429.694503 0.264792 2219.000000 1002.000000
-150.108749 366.912109 2503.464162 0.263964 2219.000000 1002.000000
-120.705338 380.645142 2577.229388 0.261912 2219.000000 1002.000000
-90.125732 394.252716 2650.992857 0.259578 2219.000000 1002.000000
-59.085545 410.489288 2724.756811 0.257357 2219.000000 1002.000000
-26.783484 426.358765 2798.512335 0.254043 2219.000000 1002.000000
6.513402 442.982788 2872.269173 0.250919 2219.000000 1002.000000
40.974625 459.660095 2946.022732 0.247485 2219.000000 1002.000000
75.612900 476.000031 2946.005273 0.244042 2219.000000 1002.000000
110.203659 492.563904 2945.988324 0.240650 2219.000000 1002.000000
144.352844 511.274963 2945.969076 0.237035 2219.000000 1002.000000
178.382721 530.367493 2945.935563 0.232265 2219.000000 1002.000000
212.793411 549.869446 2945.896781 0.227134 2219.000000 1002.000000
248.259277 568.551880 2945.852685 0.221663 2219.000000 1002.000000
284.596680 587.172119 2945.813346 0.216495 2219.000000 1002.000000
321.858368 605.238892 2945.772799 0.211248 2219.000000 1002.000000
360.149658 621.947937 2945.734742 0.206165 2219.000000 1002.000000
399.066895 639.457886 2945.705064 0.201676 2219.000000 1002.000000
438.861053 656.140747 2945.667597 0.196632 2219.000000 1002.000000
479.633423 671.149902 2945.634573 0.191897 2219.000000 1002.000000
520.963013 686.747620 2945.611830 0.187967 2219.000000 1002.000000
563.125244 701.611755 2945.583309 0.183567 2219.000000 1002.000000
606.185303 714.630432 2945.558420 0.179456 2219.000000 1002.000000
649.716370 728.178650 2945.544013 0.176328 2219.000000 1002.000000
693.931641 740.644470 2945.525143 0.172749 2219.000000 1002.000000
738.784241 752.262634 2945.511669 0.169724 2219.000000 1002.000000
784.195618 763.315613 2945.501855 0.167143 2219.000000 1002.000000
830.156311 773.765259 2945.494070 0.164844 2219.000000 1002.000000
876.490845 784.239197 2945.488383 0.162879 2219.000000 1002.000000
923.179626 793.815979 2945.482043 0.160804 2219.000000 1002.000000
969.889465 803.964172 2945.478699 0.159297 2219.000000 1002.000000
1016.712036 813.434998 2945.472425 0.157233 2219.000000 1002.000000
1063.715576 821.445984 2945.468358 0.155571 2219.000000 1002.000000
1110.664673 829.349854 2945.467929 0.155031 2219.000000 1002.000000
1157.550781 837.132019 2945.467562 0.154532 2219.000000 1002.000000
1203.381226 844.759644 2871.696785 0.154092 2219.000000 1002.000000
1248.150513 852.304993 2797.925949 0.153603 2219.000000 1002.000000
1291.568481 859.550964 2724.154924 0.152985 2219.000000 1002.000000
1333.311401 866.325378 2650.383972 0.152404 2219.000000 1002.000000
1373.604126 872.678467 2576.613268 0.152004 2219.000000 1002.000000
1412.743896 878.740723 2502.842720 0.151795 2219.000000 1002.000000
1450.615234 884.541016 2429.072218 0.151704 2219.000000 1002.000000
1486.991577 891.275940 2355.301726 0.151691 2219.000000 1002.000000
1524.095215 897.124573 2429.069323 0.150123 2219.000000 1002.000000
1560.173584 902.621277 2355.298697 0.149790 2219.000000 1002.000000
1595.430542 909.118591 2281.528198 0.149713 2219.000000 1002.000000
1630.319458 913.281982 2207.753805 0.147864 2219.000000 1002.000000
1663.163940 919.220642 2133.980059 0.149581 2219.000000 1002.000000
1694.217041 924.082947 2060.206338 0.147841 2219.000000 1002.000000
1724.238525 928.895508 1986.435644 0.147398 2219.000000 1002.000000
1753.211548 933.238098 1912.664662 0.146696 2219.000000 1002.000000
1781.010132 937.668396 1838.894154 0.146566 2219.000000 1002.000000
1807.702759 941.502563 1765.123173 0.145836 2219.000000 1002.000000
1833.156860 945.534668 1691.352643 0.146042 2219.000000 1002.000000
1857.468628 949.081970 1617.581700 0.145311 2219.000000 1002.000000
1880.555908 952.718811 1543.811207 0.145340 2219.000000 1002.000000
1902.507690 955.878479 1470.040287 0.144595 2219.000000 1002.000000
1925.198120 959.391663 1543.810769 0.144709 2219.000000 1002.000000
1946.755127 962.511780 1470.039912 0.144020 2219.000000 1002.000000
1967.577637 965.736023 1396.269420 0.144042 2219.000000 1002.000000
1987.925415 968.657837 1322.498487 0.143247 2219.000000 1002.000000
2006.671997 971.443237 1248.727993 0.143303 2219.000000 1002.000000
2023.736694 973.764954 1174.957415 0.142932 2219.000000 1002.000000
2039.914673 976.173096 1101.186657 0.143604 2219.000000 1002.000000
2055.162354 978.240051 1027.416088 0.143228 2219.000000 1002.000000
2069.340576 980.346619 953.645276 0.144017 2219.000000 1002.000000
2082.444824 982.122986 879.874732 0.143687 2219.000000 1002.000000
2096.331787 984.172668 953.644900 0.144545 2219.000000 1002.000000
2109.070312 985.945557 879.874384 0.144319 2219.000000 1002.000000
2120.982910 987.823364 806.103678 0.145018 2219.000000 1002.000000
2132.350342 989.463684 732.332419 0.143638 2219.000000 1002.000000
2142.093506 990.928894 658.561927 0.143681 2219.000000 1002.000000
2150.118164 992.042542 584.791270 0.142973 2219.000000 1002.000000
2157.261475 993.119751 511.020676 0.143564 2219.000000 1002.000000
2165.396484 994.249268 584.791040 0.142857 2219.000000 1002.000000
2172.472900 995.291748 511.020387 0.143598 2219.000000 1002.000000
2178.810303 996.063171 437.249853 0.143193 2219.000000 1002.000000
2184.594971 996.870300 363.476734 0.146660 2219.000000 1002.000000
2188.774170 997.444702 289.705912 0.148007 2219.000000 1002.000000
2193.166992 998.116516 363.476044 0.149583 2219.000000 1002.000000
2196.688232 998.655457 289.705527 0.149213 2219.000000 1002.000000
2199.534668 999.201965 215.935010 0.148793 2219.000000 1002.000000
2203.836914 999.880005 287.268042 0.142767 2219.000000 1002.000000
2206.245850 1000.256348 186.796716 0.138912 2219.000000 1002.000000
2206.978027 1000.301025 90.677014 0.135870 2219.000000 1002.000000
2208.863525 1000.528015 128.128216 0.140393 2219.000000 1002.000000
2209.020996 1000.560547 38.899862 0.144209 2219.000000 1002.000000
2209.283447 1000.680420 79.997084 0.143260 2219.000000 1002.000000
2210.607178 1000.941101 107.666944 0.134982 2219.000000 1002.000000
2210.640381 1001.037109 22.041745 0.125504 2219.000000 1002.000000
2211.234863 1001.160645 62.147602 0.114678 2219.000000 1002.000000
2212.258301 1001.301697 84.936270 0.107675 2219.000000 1002.000000
2211.593750 1001.162720 6.499567 0.103212 2219.000000 1002.000000
split
2210.346436 1000.594299 67.693132 -2.675958 -1556.000000 -892.000000
2208.499268 999.829773 141.463624 -2.675946 -1556.000000 -892.000000
2205.159424 999.299438 215.234116 -2.675911 -1556.000000 -892.000000
2201.176758 999.192322 289.004601 -2.675668 -1556.000000 -892.000000
2197.186035 999.525024 362.775070 -2.675265 -1556.000000 -892.000000
2193.192627 1000.393250 436.545516 -2.674767 -1556.000000 -892.000000
2189.216553 1001.756104 510.315926 -2.674155 -1556.000000 -892.000000
2185.133057 1002.187622 584.086287 -2.673438 -1556.000000 -892.000000
2180.727051 1001.594971 657.856696 -2.672907 -1556.000000 -892.000000
2175.738770 999.536987 731.627148 -2.672558 -1556.000000 -892.000000
2170.047607 995.562561 805.397636 -2.672458 -1556.000000 -892.000000
2163.514893 993.803406 879.168106 -2.672690 -1556.000000 -892.000000
2156.581787 991.559143 952.938550 -2.672359 -1556.000000 -892.000000
2149.172363 988.446411 1026.709006 -2.672086 -1556.000000 -892.000000
2141.110840 984.252441 1100.479488 -2.671948 -1556.000000 -892.000000
2132.504150 975.664673 1174.249980 -2.671970 -1556.000000 -892.000000
2122.938965 966.292908 1248.019985 -2.672880 -1556.000000 -892.000000
2112.490234 956.731506 1321.789877 -2.673860 -1556.000000 -892.000000
2100.333252 950.044373 1395.559797 -2.674791 -1556.000000 -892.000000
2087.295166 943.249329 1469.330278 -2.674913 -1556.000000 -892.000000
2073.212158 936.276001 1543.100768 -2.674963 -1556.000000 -892.000000
2057.599365 930.037292 1616.871259 -2.674936 -1556.000000 -892.000000
2041.865234 919.364990 1690.641647 -2.674577 -1556.000000 -892.000000
2024.749756 908.586548 1764.411827 -2.675184 -1556.000000 -892.000000
2006.278442 897.841675 1838.182114 -2.675666 -1556.000000 -892.000000
1986.111328 888.430054 1911.952508 -2.675993 -1556.000000 -892.000000
1964.851685 879.220703 1985.722975 -2.675830 -1556.000000 -892.000000
1942.435425 870.197266 2059.493355 -2.675495 -1556.000000 -892.000000
1917.702759 863.826904 2133.263575 -2.674981 -1556.000000 -892.000000
1893.302124 853.564453 2207.031986 -2.673585 -1556.000000 -892.000000
1867.578857 843.479553 2280.802225 -2.673106 -1556.000000 -892.000000
1839.607300 835.750488 2354.572187 -2.672425 -1556.000000 -892.000000
1812.071777 824.385315 2428.339994 -2.670915 -1556.000000 -892.000000
1782.170410 815.524963 2502.110013 -2.670291 -1556.000000 -892.000000
1750.248169 808.418335 2575.877632 -2.668775 -1556.000000 -892.000000
1718.647827 798.027222 2649.641843 -2.666567 -1556.000000 -892.000000
1684.779785 789.661377 2723.409684 -2.665153 -1556.000000 -892.000000
1651.073730 778.548828 2797.173477 -2.662935 -1556.000000 -892.000000
1616.719971 766.473389 2870.940541 -2.661369 -1556.000000 -892.000000
1580.563477 755.661987 2944.708050 -2.659927 -1556.000000 -892.000000
1544.634155 744.471802 2944.702023 -2.657904 -1556.000000 -892.000000
1507.606567 735.116150 2944.696480 -2.655964 -1556.000000 -892.000000
1470.299194 726.227356 2944.686549 -2.653367 -1556.000000 -892.000000
1432.863525 717.630981 2944.674909 -2.650555 -1556.000000 -892.000000
1394.831665 709.170105 2944.661949 -2.647588 -1556.000000 -892.000000
1355.950684 700.346497 2944.647317 -2.644436 -1556.000000 -892.000000
1316.869263 690.157104 2944.631760 -2.641185 -1556.000000 -892.000000
1276.998657 679.556458 2944.618587 -2.638194 -1556.000000 -892.000000
1236.658203 668.071228 2944.604704 -2.635123 -1556.000000 -892.000000
1195.875488 655.696350 2944.591649 -2.632146 -1556.000000 -892.000000
1154.658569 642.500122 2944.579455 -2.629268 -1556.000000 -892.000000
1113.078979 628.451172 2944.567962 -2.626474 -1556.000000 -892.000000
1071.389282 613.186951 2944.557322 -2.623785 -1556.000000 -892.000000
1030.080566 596.035889 2944.548595 -2.621351 -1556.000000 -892.000000
988.013977 578.945801 2944.543311 -2.619456 -1556.000000 -892.000000
945.993530 560.645569 2944.536827 -2.617358 -1556.000000 -892.000000
904.429993 540.525024 2944.532088 -2.615564 -1556.000000 -892.000000
862.135376 520.572937 2944.529902 -2.614345 -1556.000000 -892.000000
819.984924 499.408630 2944.526841 -2.612903 -1556.000000 -892.000000
777.428650 478.128052 2944.525109 -2.611819 -1556.000000 -892.000000
734.588989 456.853088 2944.523125 -2.610658 -1556.000000 -892.000000
691.991882 434.998566 2944.520793 -2.609399 -1556.000000 -892.000000
649.730774 412.592834 2944.519120 -2.608333 -1556.000000 -892.000000
608.277710 388.939270 2944.518046 -2.607479 -1556.000000 -892.000000
566.980774 365.184662 2944.517917 -2.607183 -1556.000000 -892.000000
525.781006 341.446350 2944.517833 -2.606944 -1556.000000 -892.000000
484.615570 317.832306 2944.517752 -2.606709 -1556.000000 -892.000000
443.466095 294.359680 2944.517635 -2.606428 -1556.000000 -892.000000
402.386444 270.919098 2944.517463 -2.606086 -1556.000000 -892.000000
361.425140 247.401642 2944.517280 -2.605733 -1556.000000 -892.000000
320.566498 223.806442 2944.517138 -2.605423 -1556.000000 -892.000000
279.793976 200.136566 2944.517031 -2.605153 -1556.000000 -892.000000
239.091385 176.398361 2944.516953 -2.604922 -1556.000000 -892.000000
198.444473 152.599365 2944.516896 -2.604727 -1556.000000 -892.000000
157.840622 128.747635 2944.516856 -2.604561 -1556.000000 -892.000000
117.269066 104.851730 2944.516827 -2.604422 -1556.000000 -892.000000
76.719704 80.919533 2944.516807 -2.604303 -1556.000000 -892.000000
36.183796 56.960762 2944.516791 -2.604202 -1556.000000 -892.000000
-4.345941 32.985176 2944.516779 -2.604111 -1556.000000 -892.000000
-44.875168 9.001364 2944.516768 -2.604025 -1556.000000 -892.000000
-85.408035 -14.983761 2944.516757 -2.603938 -1556.000000 -892.000000
-125.947250 -38.965096 2944.516745 -2.603847 -1556.000000 -892.000000
-166.494125 -62.939468 2944.516730 -2.603746 -1556.000000 -892.000000
-207.048996 -86.905273 2944.516712 -2.603634 -1556.000000 -892.000000
-247.863846 -110.446884 2944.516688 -2.603507 -1556.000000 -892.000000
-288.496613 -134.291550 2944.516375 -2.603046 -1556.000000 -892.000000
-329.140106 -158.120300 2944.516282 -2.602795 -1556.000000 -892.000000
-369.991150 -181.604828 2944.516166 -2.602514 -1556.000000 -892.000000
-410.342865 -205.919434 2944.515653 -2.601924 -1556.000000 -892.000000
-450.850616 -229.974472 2944.515640 -2.602017 -1556.000000 -892.000000
-491.628479 -253.581818 2944.515613 -2.601881 -1556.000000 -892.000000
-531.938904 -277.964508 2944.515140 -2.601315 -1556.000000 -892.000000
-572.689026 -301.616791 2944.515108 -2.601461 -1556.000000 -892.000000
-613.261719 -325.564575 2944.514605 -2.600877 -1556.000000 -892.000000
-652.691589 -349.503815 2870.743961 -2.600555 -1556.000000 -892.000000
-691.686890 -372.256805 2796.973411 -2.600757 -1556.000000 -892.000000
-729.055054 -395.172668 2723.202471 -2.600191 -1556.000000 -892.000000
-767.178467 -417.426453 2796.972750 -2.600586 -1556.000000 -892.000000
-803.844421 -439.299988 2723.201744 -2.599980 -1556.000000 -892.000000
-840.083252 -460.865601 2649.431208 -2.599799 -1556.000000 -892.000000
-876.103760 -481.733185 2575.660632 -2.599548 -1556.000000 -892.000000
-909.873169 -502.941956 2501.889122 -2.598658 -1556.000000 -892.000000
-942.682068 -521.917542 2428.117515 -2.599602 -1556.000000 -892.000000
-974.251404 -540.793762 2354.345967 -2.598669 -1556.000000 -892.000000
-1004.699829 -559.198975 2280.575420 -2.598451 -1556.000000 -892.000000
-1034.483032 -576.216675 2206.804927 -2.598482 -1556.000000 -892.000000
-1062.208862 -594.129822 2133.032424 -2.597132 -1556.000000 -892.000000
-1089.352051 -610.432800 2059.258963 -2.598801 -1556.000000 -892.000000
-1114.801514 -627.093750 1985.488458 -2.598690 -1556.000000 -892.000000
-1139.800171 -642.074097 1911.713285 -2.600861 -1556.000000 -892.000000
-1164.256836 -655.555481 1837.942791 -2.600809 -1556.000000 -892.000000
-1186.521118 -670.348877 1764.167617 -2.598552 -1556.000000 -892.000000
-1208.918213 -682.478027 1690.390727 -2.601245 -1556.000000 -892.000000
-1230.716309 -697.153870 1764.154761 -2.598481 -1556.000000 -892.000000
-1252.082886 -710.280701 1690.373920 -2.601906 -1556.000000 -892.000000
-1273.501709 -722.012695 1616.602894 -2.602701 -1556.000000 -892.000000
-1293.324219 -735.527649 1542.826074 -2.599903 -1556.000000 -892.000000
-1313.095825 -745.912842 1469.040320 -2.604351 -1556.000000 -892.000000
-1330.133911 -757.534058 1395.256745 -2.600131 -1556.000000 -892.000000
-1347.001831 -767.765442 1321.472251 -2.604611 -1556.000000 -892.000000
-1363.682251 -776.435120 1247.701464 -2.605280 -1556.000000 -892.000000
-1378.247559 -786.652893 1173.916764 -2.600507 -1556.000000 -892.000000
-1393.036133 -794.221313 1100.124581 -2.606586 -1556.000000 -892.000000
-1405.696411 -803.137634 1026.337962 -2.601172 -1556.000000 -892.000000
-1419.573975 -811.556458 1100.086885 -2.607655 -1556.000000 -892.000000
-1433.038940 -818.355469 1026.315648 -2.608819 -1556.000000 -892.000000
-1444.816772 -826.511108 952.521042 -2.601963 -1556.000000 -892.000000
-1457.154541 -832.377136 878.725003 -2.609287 -1556.000000 -892.000000
-1466.970581 -839.362976 804.906453 -2.598829 -1556.000000 -892.000000
-1475.762939 -844.680054 731.104679 -2.607645 -1556.000000 -892.000000
-1484.311646 -848.721497 657.333747 -2.608743 -1556.000000 -892.000000
-1492.604492 -855.213501 731.069450 -2.598455 -1556.000000 -892.000000
-1501.028687 -859.342285 657.188896 -2.615807 -1556.000000 -892.000000
-1507.861206 -864.522888 583.383717 -2.605533 -1556.000000 -892.000000
-1514.666382 -868.682312 509.524957 -2.622929 -1556.000000 -892.000000
-1520.721924 -870.968384 435.748008 -2.627963 -1556.000000 -892.000000
-1524.475708 -873.833435 361.852376 -2.603996 -1556.000000 -892.000000
-1529.758911 -876.192444 435.583204 -2.618803 -1556.000000 -892.000000
-1533.505493 -879.296265 361.730826 -2.599412 -1556.000000 -892.000000
-1537.006592 -881.389038 287.817689 -2.627497 -1556.000000 -892.000000
-1540.444458 -882.724182 214.044120 -2.632121 -1556.000000 -892.000000
-1541.982910 -884.180481 133.404554 -2.603896 -1556.000000 -892.000000
-1543.952148 -884.911072 185.546416 -2.632738 -1556.000000 -892.000000
-1544.937256 -885.280701 93.406238 -2.609748 -1556.000000 -892.000000
-1546.388062 -886.178101 134.481449 -2.595764 -1556.000000 -892.000000
-1547.194092 -886.355469 45.508060 -2.596996 -1556.000000 -892.000000
-1547.897583 -886.942932 86.248761 -2.571575 -1556.000000 -892.000000
-1548.523193 -887.406494 110.577430 -2.583610 -1556.000000 -892.000000
-1548.128296 -887.351135 24.378610 -2.590676 -1556.000000 -892.000000
-1548.525391 -887.544250 66.355185 -2.608129 -1556.000000 -892.000000
-1549.488281 -888.070923 92.429085 -2.604032 -1556.000000 -892.000000
-1549.118896 -887.787231 11.505102 -2.598687 -1556.000000 -892.000000
-1549.526123 -888.006592 54.162511 -2.592234 -1556.000000 -892.000000
-1550.418945 -888.535522 78.896574 -2.588876 -1556.000000 -892.000000
-1549.975952 -888.295776 2.937589 -2.586050 -1556.000000 -892.000000
split
-1548.814819 -888.013184 70.973181 0.245258 2830.000000 208.000000
-1546.957397 -887.423645 144.743673 0.245260 2830.000000 208.000000
-1543.990723 -885.606201 218.514165 0.245233 2830.000000 208.000000
-1540.723145 -882.942627 292.284651 0.245002 2830.000000 208.000000
-1537.719849 -879.845398 366.055120 0.244604 2830.000000 208.000000
-1535.067017 -876.299683 439.825564 0.244098 2830.000000 208.000000
-1532.720947 -872.394165 513.595971 0.243476 2830.000000 208.000000
-1529.621460 -869.140320 587.366331 0.242758 2830.000000 208.000000
-1525.519409 -866.458008 661.136738 0.242221 2830.000000 208.000000
-1519.943604 -864.526550 734.907186 0.241860 2830.000000 208.000000
-1513.791870 -862.081909 808.677673 0.241739 2830.000000 208.000000
-1507.141602 -859.280640 882.448148 0.241538 2830.000000 208.000000
-1499.894043 -856.238892 956.218612 0.241285 2830.000000 208.000000
-1491.740601 -853.201721 1029.989068 0.241011 2830.000000 208.000000
-1480.569824 -852.766785 1103.759533 0.240786 2830.000000 208.000000
-1468.136719 -852.414429 1177.529884 0.241291 2830.000000 208.000000
-1456.056885 -849.591003 1251.300169 0.241884 2830.000000 208.000000
-1442.962036 -846.706543 1325.070660 0.241919 2830.000000 208.000000
-1428.951660 -843.528748 1398.841148 0.241995 2830.000000 208.000000
-1413.371948 -840.937256 1472.611637 0.242057 2830.000000 208.000000
-1394.886475 -841.201843 1546.382071 0.242336 2830.000000 208.000000
-1375.956177 -839.974670 1620.151665 0.243414 2830.000000 208.000000
-1356.511353 -837.832581 1693.921666 0.244192 2830.000000 208.000000
-1338.087402 -830.722534 1767.691845 0.244800 2830.000000 208.000000
-1318.924805 -823.306885 1841.462054 0.244234 2830.000000 208.000000
-1298.432129 -816.499084 1915.232215 0.243634 2830.000000 208.000000
-1276.813354 -809.171326 1989.002560 0.243243 2830.000000 208.000000
-1253.778687 -802.106628 2062.772850 0.242793 2830.000000 208.000000
-1229.737427 -794.535400 2136.543241 0.242479 2830.000000 208.000000
-1204.917480 -785.850342 2210.313580 0.242102 2830.000000 208.000000
-1179.985107 -773.700989 2284.083678 0.241505 2830.000000 208.000000
-1152.984009 -764.641968 2357.851890 0.240092 2830.000000 208.000000
-1125.739502 -752.323425 2431.621985 0.239512 2830.000000 208.000000
-1097.411865 -739.759521 2505.390254 0.238160 2830.000000 208.000000
-1067.825806 -727.583374 2579.158402 0.236792 2830.000000 208.000000
-1037.817627 -712.583252 2652.926970 0.235570 2830.000000 208.000000
-1006.171814 -699.652039 2726.692638 0.233663 2830.000000 208.000000
-974.005127 -684.064636 2800.460709 0.232331 2830.000000 208.000000
-940.684326 -668.693909 2874.225674 0.230344 2830.000000 208.000000
-906.241333 -653.529114 2947.990976 0.228444 2830.000000 208.000000
-872.090271 -636.374634 2947.986104 0.226626 2830.000000 208.000000
-837.915405 -618.994019 2947.977745 0.224245 2830.000000 208.000000
-803.811279 -601.136353 2947.968638 0.221759 2830.000000 208.000000
-769.844177 -582.633118 2947.958174 0.219094 2830.000000 208.000000
-735.518372 -563.711731 2947.945801 0.216197 2830.000000 208.000000
-700.175598 -545.522888 2947.932112 0.213150 2830.000000 208.000000
-663.987793 -527.032471 2947.920109 0.210296 2830.000000 208.000000
-626.875488 -508.851685 2947.907291 0.207347 2830.000000 208.000000
-588.848511 -491.032410 2947.895105 0.204472 2830.000000 208.000000
-549.950134 -473.543427 2947.883654 0.201684 2830.000000 208.000000
-510.208618 -456.448700 2947.872833 0.198975 2830.000000 208.000000
-469.575592 -440.178955 2947.862762 0.196361 2830.000000 208.000000
-427.976990 -425.553436 2947.854358 0.193973 2830.000000 208.000000
-385.822052 -410.380981 2947.848992 0.192065 2830.000000 208.000000
-342.881287 -396.132507 2947.842549 0.189974 2830.000000 208.000000
-299.064148 -383.530914 2947.837658 0.188153 2830.000000 208.000000
-254.771896 -370.323395 2947.835115 0.186839 2830.000000 208.000000
-209.766861 -358.102325 2947.831738 0.185326 2830.000000 208.000000
-163.953308 -347.601746 2947.829606 0.184123 2830.000000 208.000000
-117.956871 -335.249573 2947.829011 0.183487 2830.000000 208.000000
-71.509178 -324.023438 2947.826701 0.182236 2830.000000 208.000000
-24.873137 -313.192352 2947.825536 0.181346 2830.000000 208.000000
21.689798 -301.776184 2947.824656 0.180574 2830.000000 208.000000
68.540550 -292.288361 2947.823168 0.179569 2830.000000 208.000000
115.367874 -283.116241 2947.822993 0.179224 2830.000000 208.000000
162.115158 -274.009613 2947.822904 0.178979 2830.000000 208.000000
208.775711 -264.955963 2947.822822 0.178743 2830.000000 208.000000
255.329422 -255.807907 2947.822744 0.178513 2830.000000 208.000000
301.792114 -246.599350 2947.822627 0.178231 2830.000000 208.000000
348.203369 -237.478836 2947.822475 0.177910 2830.000000 208.000000
394.582520 -228.471497 2947.822340 0.177607 2830.000000 208.000000
440.942871 -219.577866 2947.822231 0.177336 2830.000000 208.000000
487.294189 -210.789612 2947.822148 0.177098 2830.000000 208.000000
533.643555 -202.093979 2947.822087 0.176895 2830.000000 208.000000
579.995605 -193.477844 2947.822043 0.176722 2830.000000 208.000000
626.353149 -184.927475 2947.822012 0.176576 2830.000000 208.000000
672.718384 -176.429459 2947.821990 0.176453 2830.000000 208.000000
719.092285 -167.970490 2947.821974 0.176350 2830.000000 208.000000
765.473999 -159.537170 2947.821962 0.176260 2830.000000 208.000000
811.862000 -151.117813 2947.821952 0.176179 2830.000000 208.000000
858.254700 -142.702728 2947.821944 0.176102 2830.000000 208.000000
904.650574 -134.284698 2947.821934 0.176023 2830.000000 208.000000
951.048218 -125.858856 2947.821924 0.175940 2830.000000 208.000000
997.446716 -117.422333 2947.821912 0.175848 2830.000000 208.000000
1043.845215 -108.974167 2947.821897 0.175747 2830.000000 208.000000
1090.163086 -100.040771 2947.821878 0.175633 2830.000000 208.000000
1136.540405 -91.450333 2947.821644 0.175236 2830.000000 208.000000
1182.915283 -82.840775 2947.821575 0.175018 2830.000000 208.000000
1229.221924 -73.838371 2947.821489 0.174777 2830.000000 208.000000
1275.692017 -65.776459 2947.821121 0.174277 2830.000000 208.000000
1322.028442 -56.947178 2947.821112 0.174352 2830.000000 208.000000
1368.420532 -48.435524 2947.820841 0.173923 2830.000000 208.000000
1414.901733 -40.436035 2947.820756 0.173683 2830.000000 208.000000
1461.255493 -31.707964 2947.820739 0.173790 2830.000000 208.000000
1507.754395 -23.810654 2947.820481 0.173372 2830.000000 208.000000
1554.116821 -15.130404 2947.820433 0.173552 2830.000000 208.000000
1600.527222 -6.724338 2947.820174 0.173132 2830.000000 208.000000
1647.028687 1.157874 2947.820096 0.172904 2830.000000 208.000000
1693.410400 9.726924 2947.820040 0.173100 2830.000000 208.000000
1739.937866 17.458708 2947.819813 0.172708 2830.000000 208.000000
1785.358032 25.819115 2874.049149 0.173050 2830.000000 208.000000
1829.515015 33.782410 2800.278437 0.172659 2830.000000 208.000000
1874.254395 41.960579 2874.048838 0.172404 2830.000000 208.000000
1917.480103 49.629265 2800.278123 0.172011 2830.000000 208.000000
1959.678467 57.078072 2726.507592 0.171842 2830.000000 208.000000
2001.553345 64.112679 2652.737073 0.171702 2830.000000 208.000000
2041.855835 71.118805 2578.966488 0.171968 2830.000000 208.000000
2080.435059 77.517365 2505.195996 0.171960 2830.000000 208.000000
2117.940674 84.168938 2431.425313 0.172351 2830.000000 208.000000
2154.377441 90.274460 2357.654787 0.172184 2830.000000 208.000000
2189.532227 96.544075 2283.884165 0.172515 2830.000000 208.000000
2223.488525 102.230042 2210.113619 0.172297 2830.000000 208.000000
2256.099121 108.055115 2136.342986 0.172654 2830.000000 208.000000
2287.487305 113.304108 2062.572436 0.172421 2830.000000 208.000000
2317.537842 118.694748 1988.801789 0.172810 2830.000000 208.000000
2346.389648 123.530205 1915.031222 0.172534 2830.000000 208.000000
2373.945068 128.493347 1841.260587 0.172921 2830.000000 208.000000
2400.343994 132.926682 1767.490001 0.172601 2830.000000 208.000000
2425.622559 136.746628 1693.719381 0.172983 2830.000000 208.000000
2451.476318 141.827713 1767.488136 0.174415 2830.000000 208.000000
2476.166992 146.360672 1693.716041 0.173068 2830.000000 208.000000
2500.277588 150.529617 1619.945250 0.172474 2830.000000 208.000000
2523.884521 154.826385 1546.174751 0.172566 2830.000000 208.000000
2545.823486 159.511414 1472.404002 0.171988 2830.000000 208.000000
2566.396729 161.646042 1398.626939 0.169001 2830.000000 208.000000
2585.725342 165.552994 1324.838493 0.174068 2830.000000 208.000000
2604.029541 169.682785 1251.065304 0.172050 2830.000000 208.000000
2621.649414 171.329498 1177.284399 0.167970 2830.000000 208.000000
2637.814209 174.644440 1103.490915 0.174220 2830.000000 208.000000
2654.755859 178.415680 1177.258301 0.171847 2830.000000 208.000000
2670.897217 179.746216 1103.475320 0.167241 2830.000000 208.000000
2685.924561 182.866547 1029.664882 0.175750 2830.000000 208.000000
2700.415283 186.143768 955.889628 0.172709 2830.000000 208.000000
2713.635254 186.938431 882.104054 0.167091 2830.000000 208.000000
2724.782227 189.272736 808.270405 0.179058 2830.000000 208.000000
2735.041992 191.778168 734.496476 0.176141 2830.000000 208.000000
2744.631104 192.211761 660.708282 0.169198 2830.000000 208.000000
2754.812012 194.419861 734.416981 0.182875 2830.000000 208.000000
2763.894043 196.667542 660.640055 0.178689 2830.000000 208.000000
2772.610352 197.193359 586.843335 0.169778 2830.000000 208.000000
2780.509521 199.099579 512.994453 0.186124 2830.000000 208.000000
2786.822266 200.824615 439.206780 0.177939 2830.000000 208.000000
2791.599609 200.794403 365.397668 0.164678 2830.000000 208.000000
2797.182373 202.090485 439.089049 0.185487 2830.000000 208.000000
2801.789795 203.338196 365.306778 0.178162 2830.000000 208.000000
2805.951904 203.425079 291.498465 0.163772 2830.000000 208.000000
2809.412109 204.358414 217.642468 0.187994 2830.000000 208.000000
2813.243408 205.434921 291.394781 0.175069 2830.000000 208.000000
2815.207764 205.258041 200.282947 0.151900 2830.000000 208.000000
2816.141602 205.806473 109.638838 0.183284 2830.000000 208.000000
2818.317139 206.062729 153.588855 0.156979 2830.000000 208.000000
2818.714600 206.009125 61.416491 0.164326 2830.000000 208.000000
2819.199219 206.021225 102.328199 0.174615 2830.000000 208.000000
2820.733643 206.250519 130.481116 0.181197 2830.000000 208.000000
2820.913818 206.208084 38.939655 0.186603 2830.000000 208.000000
2821.648193 206.326431 76.696669 0.194715 2830.000000 208.000000
2822.842773 206.547211 98.195209 0.197765 2830.000000 208.000000
2822.302490 206.431412 14.759282 0.200261 2830.000000 208.000000
2822.625244 206.589157 55.483897 0.201026 2830.000000 208.000000
2823.409424 206.762482 79.194191 0.189023 2830.000000 208.000000
2822.725342 206.644699 3.140274 0.185610 2830.000000 208.000000
split
2822.053955 205.674408 71.979832 -1.991965 2034.000000 -1554.000000
2821.162354 203.941238 145.750324 -1.991853 2034.000000 -1554.000000
2818.893799 201.610962 219.520815 -1.991799 2034.000000 -1554.000000
2815.898438 198.986145 293.291270 -1.991217 2034.000000 -1554.000000
2812.567139 196.405746 367.061652 -1.990351 2034.000000 -1554.000000
2808.756104 194.274170 440.831945 -1.989311 2034.000000 -1554.000000
2805.323242 191.689667 514.602024 -1.987943 2034.000000 -1554.000000
2802.312744 188.398346 588.372207 -1.986847 2034.000000 -1554.000000
2798.684570 185.165131 662.142535 -1.986100 2034.000000 -1554.000000
2795.885010 180.234390 735.912654 -1.985039 2034.000000 -1554.000000
2792.496826 174.968567 809.683112 -1.984734 2034.000000 -1554.000000
2788.791992 169.078476 883.453493 -1.984213 2034.000000 -1554.000000
2786.976318 160.291779 957.223854 -1.983667 2034.000000 -1554.000000
2783.130615 151.987366 1030.993872 -1.984662 2034.000000 -1554.000000
2779.269531 142.435410 1104.764359 -1.984564 2034.000000 -1554.000000
2775.291016 131.562531 1178.534836 -1.984729 2034.000000 -1554.000000
2770.942627 119.539764 1252.305235 -1.985126 2034.000000 -1554.000000
2768.764160 104.451759 1326.075588 -1.985596 2034.000000 -1554.000000
2764.568848 89.336670 1399.842714 -1.987849 2034.000000 -1554.000000
2759.229492 73.709114 1473.612074 -1.989121 2034.000000 -1554.000000
2752.938965 57.347126 1547.382065 -1.989945 2034.000000 -1554.000000
2743.234375 41.732635 1621.152350 -1.990463 2034.000000 -1554.000000
2734.958496 24.052349 1694.921180 -1.989031 2034.000000 -1554.000000
2726.534180 5.104230 1768.691630 -1.988810 2034.000000 -1554.000000
2717.056396 -14.677864 1842.462122 -1.988806 2034.000000 -1554.000000
2707.339600 -35.679127 1916.232484 -1.988431 2034.000000 -1554.000000
2696.816162 -57.392223 1990.002930 -1.988212 2034.000000 -1554.000000
2682.519043 -78.407066 2063.773174 -1.987713 2034.000000 -1554.000000
2667.663574 -100.405540 2137.535397 -1.984882 2034.000000 -1554.000000
2655.274170 -124.923615 2211.296303 -1.981887 2034.000000 -1554.000000
2639.322021 -149.066711 2285.065688 -1.980886 2034.000000 -1554.000000
2623.998535 -174.727921 2358.823956 -1.977615 2034.000000 -1554.000000
2607.951904 -201.294678 2432.586399 -1.975003 2034.000000 -1554.000000
2588.333252 -227.622131 2506.346450 -1.972073 2034.000000 -1554.000000
2570.784912 -256.131561 2580.080267 -1.966664 2034.000000 -1554.000000
2552.949219 -285.775177 2653.833091 -1.962963 2034.000000 -1554.000000
2532.332520 -315.553223 2727.584824 -1.959203 2034.000000 -1554.000000
2513.549316 -347.210449 2801.308712 -1.953357 2034.000000 -1554.000000
2491.887695 -379.047241 2875.053083 -1.949039 2034.000000 -1554.000000
2469.909668 -411.985413 2948.760189 -1.942398 2034.000000 -1554.000000
2448.181396 -445.101868 2948.688598 -1.935430 2034.000000 -1554.000000
2424.282715 -477.652405 2948.612751 -1.928258 2034.000000 -1554.000000
2400.147949 -510.220795 2948.476692 -1.918651 2034.000000 -1554.000000
2376.374756 -541.884583 2874.544421 -1.908175 2034.000000 -1554.000000
2353.312988 -575.221802 2948.135064 -1.896989 2034.000000 -1554.000000
2331.169434 -608.541504 2874.191267 -1.886146 2034.000000 -1554.000000
2309.826172 -641.807251 2800.252706 -1.875332 2034.000000 -1554.000000
2290.673584 -675.767761 2726.315894 -1.864432 2034.000000 -1554.000000
2271.324219 -709.121521 2652.427660 -1.855139 2034.000000 -1554.000000
2255.037842 -742.575623 2578.510910 -1.844637 2034.000000 -1554.000000
2239.505859 -776.418640 2504.660228 -1.836750 2034.000000 -1554.000000
2223.556885 -810.341492 2430.817910 -1.829177 2034.000000 -1554.000000
2210.991699 -844.934998 2356.953343 -1.820379 2034.000000 -1554.000000
2195.797363 -878.726562 2283.153756 -1.815411 2034.000000 -1554.000000
2182.831299 -912.522583 2209.281430 -1.805966 2034.000000 -1554.000000
2171.234619 -947.935303 2282.994823 -1.798776 2034.000000 -1554.000000
2157.196289 -982.056946 2209.192275 -1.793477 2034.000000 -1554.000000
2147.094971 -1016.198853 2135.299483 -1.782954 2034.000000 -1554.000000
2136.151367 -1049.395386 2061.503495 -1.778068 2034.000000 -1554.000000
2126.910889 -1080.924316 1987.674525 -1.770535 2034.000000 -1554.000000
2120.378174 -1110.833740 1913.870487 -1.764726 2034.000000 -1554.000000
2112.188721 -1139.111816 1840.098035 -1.763294 2034.000000 -1554.000000
2106.844482 -1166.580933 1766.291887 -1.757069 2034.000000 -1554.000000
2099.946533 -1192.353882 1692.521241 -1.756651 2034.000000 -1554.000000
2094.431885 -1216.976685 1618.725281 -1.751166 2034.000000 -1554.000000
2091.193359 -1240.651123 1544.947774 -1.748222 2034.000000 -1554.000000
2085.875000 -1262.542969 1471.169809 -1.751332 2034.000000 -1554.000000
2083.360352 -1283.609253 1397.385108 -1.746937 2034.000000 -1554.000000
2078.854736 -1303.047607 1323.600947 -1.751360 2034.000000 -1554.000000
2075.382324 -1321.402100 1249.821428 -1.747667 2034.000000 -1554.000000
2074.065674 -1338.820801 1176.050537 -1.746868 2034.000000 -1554.000000
2070.212891 -1356.430908 1249.783231 -1.754885 2034.000000 -1554.000000
2068.892578 -1373.177856 1176.007810 -1.752076 2034.000000 -1554.000000
2065.269775 -1388.721313 1102.185988 -1.761420 2034.000000 -1554.000000
2061.184814 -1403.660889 1028.408198 -1.757780 2034.000000 -1554.000000
2059.828369 -1417.615234 954.604020 -1.749687 2034.000000 -1554.000000
2056.662354 -1429.498413 880.800869 -1.757959 2034.000000 -1554.000000
2055.848145 -1440.945190 807.008121 -1.750850 2034.000000 -1554.000000
2054.193604 -1451.313354 733.190163 -1.761696 2034.000000 -1554.000000
2051.093750 -1462.430664 806.956721 -1.764971 2034.000000 -1554.000000
2049.197510 -1472.733032 733.148862 -1.755348 2034.000000 -1554.000000
2046.486084 -1482.166870 659.378333 -1.755668 2034.000000 -1554.000000
2045.845215 -1491.372681 585.554072 -1.742897 2034.000000 -1554.000000
2044.617310 -1498.640991 511.719202 -1.757726 2034.000000 -1554.000000
2044.348511 -1504.390503 437.947034 -1.760285 2034.000000 -1554.000000
2042.931885 -1511.154785 511.660335 -1.776447 2034.000000 -1554.000000
2040.775146 -1516.834595 437.889839 -1.776321 2034.000000 -1554.000000
2040.335449 -1521.974976 363.980227 -1.751113 2034.000000 -1554.000000
2038.805176 -1526.128906 290.168847 -1.766103 2034.000000 -1554.000000
2038.735474 -1531.057251 363.851704 -1.741525 2034.000000 -1554.000000
2038.422729 -1534.400879 289.885306 -1.774342 2034.000000 -1554.000000
2037.418457 -1537.175903 216.065762 -1.792738 2034.000000 -1554.000000
2037.063721 -1539.603149 131.789739 -1.771256 2034.000000 -1554.000000
2036.125000 -1542.045410 176.341607 -1.780473 2034.000000 -1554.000000
2036.384644 -1542.624390 79.841619 -1.746715 2034.000000 -1554.000000
2036.333008 -1543.866211 117.074037 -1.777432 2034.000000 -1554.000000
2035.990356 -1545.830078 137.596220 -1.797074 2034.000000 -1554.000000
2035.916016 -1546.285034 41.378460 -1.809761 2034.000000 -1554.000000
2035.489014 -1547.096436 72.595323 -1.814222 2034.000000 -1554.000000
2035.371948 -1548.060181 86.955068 -1.783230 2034.000000 -1554.000000
2035.553467 -1547.228516 7.274065 -1.797790 2034.000000 -1554.000000
split
2034.840820 -1546.001953 71.142031 2.544887 -3120.000000 1955.000000
2033.337280 -1544.328369 144.912523 2.544985 -3120.000000 1955.000000
2031.612549 -1541.152222 218.683014 2.545072 -3120.000000 1955.000000
2029.657227 -1537.219238 292.453498 2.545338 -3120.000000 1955.000000
2027.738892 -1532.950317 366.223972 2.545685 -3120.000000 1955.000000
2026.407349 -1528.367432 439.994435 2.546080 -3120.000000 1955.000000
2024.511230 -1524.202637 513.764874 2.546570 -3120.000000 1955.000000
2021.611816 -1520.507568 587.535328 2.546954 -3120.000000 1955.000000
2017.333740 -1517.287842 661.305804 2.547186 -3120.000000 1955.000000
2011.196777 -1514.769287 735.076295 2.547230 -3120.000000 1955.000000
2006.163330 -1510.487793 808.846770 2.547012 -3120.000000 1955.000000
2000.407227 -1505.891113 882.617256 2.547129 -3120.000000 1955.000000
1993.579468 -1501.068604 956.387744 2.547224 -3120.000000 1955.000000
1985.429688 -1496.030640 1030.158235 2.547252 -3120.000000 1955.000000
1973.526733 -1492.712036 1103.928725 2.547189 -3120.000000 1955.000000
1960.708984 -1488.721313 1177.698993 2.546552 -3120.000000 1955.000000
1948.802856 -1482.294434 1251.469249 2.545920 -3120.000000 1955.000000
1937.283325 -1474.020142 1325.239710 2.545698 -3120.000000 1955.000000
1925.190674 -1464.828003 1399.010200 2.545760 -3120.000000 1955.000000
1912.101196 -1454.878784 1472.780679 2.545895 -3120.000000 1955.000000
1896.104736 -1446.224243 1546.551155 2.546042 -3120.000000 1955.000000
1880.227173 -1435.627075 1620.321578 2.545743 -3120.000000 1955.000000
1863.713867 -1424.336182 1694.092069 2.545720 -3120.000000 1955.000000
1848.533081 -1409.573608 1767.862561 2.545733 -3120.000000 1955.000000
1832.631714 -1393.899048 1841.632717 2.546349 -3120.000000 1955.000000
1815.422729 -1377.911255 1915.402783 2.547029 -3120.000000 1955.000000
1797.202393 -1361.136963 1989.172924 2.547634 -3120.000000 1955.000000
1775.934814 -1346.358765 2062.943028 2.548259 -3120.000000 1955.000000
1755.814331 -1327.833374 2136.713516 2.548320 -3120.000000 1955.000000
1734.483398 -1309.064575 2210.483485 2.549019 -3120.000000 1955.000000
1712.484619 -1289.198975 2284.253545 2.549644 -3120.000000 1955.000000
1691.326538 -1265.768433 2358.023439 2.550368 -3120.000000 1955.000000
1667.473022 -1244.099609 2431.791867 2.551691 -3120.000000 1955.000000
1642.554932 -1221.747559 2505.561536 2.552513 -3120.000000 1955.000000
1617.138306 -1197.852295 2579.331169 2.553341 -3120.000000 1955.000000
1590.613525 -1173.408081 2653.100332 2.554356 -3120.000000 1955.000000
1564.572388 -1145.625977 2726.869499 2.555356 -3120.000000 1955.000000
1537.360107 -1117.216431 2800.636693 2.556911 -3120.000000 1955.000000
1510.120483 -1086.218628 2874.403803 2.558465 -3120.000000 1955.000000
1481.666016 -1054.712280 2948.168754 2.560428 -3120.000000 1955.000000
1452.425659 -1023.933716 2948.163159 2.562377 -3120.000000 1955.000000
1423.178711 -992.636169 2948.158451 2.564164 -3120.000000 1955.000000
1393.829468 -961.178528 2948.153162 2.566058 -3120.000000 1955.000000
1363.943481 -930.561829 2948.147625 2.567996 -3120.000000 1955.000000
1334.320679 -898.766846 2948.142947 2.569778 -3120.000000 1955.000000
1303.592285 -867.270264 2948.136909 2.571802 -3120.000000 1955.000000
1271.282837 -837.001526 2948.131615 2.573697 -3120.000000 1955.000000
1238.621460 -806.163208 2948.128009 2.575261 -3120.000000 1955.000000
1204.295044 -776.992981 2948.124008 2.576908 -3120.000000 1955.000000
1169.087280 -748.300354 2948.121792 2.578134 -3120.000000 1955.000000
1133.463501 -719.382446 2948.120087 2.579210 -3120.000000 1955.000000
1097.003662 -690.984741 2948.118341 2.580298 -3120.000000 1955.000000
1060.143555 -662.401978 2948.117064 2.581229 -3120.000000 1955.000000
1022.307495 -634.598328 2948.115770 2.582166 -3120.000000 1955.000000
983.423950 -607.685974 2948.115019 2.582879 -3120.000000 1955.000000
943.577698 -581.729675 2948.114712 2.583336 -3120.000000 1955.000000
903.220032 -556.281860 2948.114659 2.583526 -3120.000000 1955.000000
862.648926 -531.064392 2948.114656 2.583571 -3120.000000 1955.000000
822.066467 -505.885132 2948.114656 2.583552 -3120.000000 1955.000000
781.556152 -480.691345 2948.114655 2.583524 -3120.000000 1955.000000
741.140747 -455.490967 2948.114654 2.583506 -3120.000000 1955.000000
700.815002 -430.309021 2948.114654 2.583500 -3120.000000 1955.000000
660.577087 -405.145630 2948.114654 2.583502 -3120.000000 1955.000000
620.422119 -379.994019 2948.114654 2.583510 -3120.000000 1955.000000
580.341064 -354.847473 2948.114654 2.583526 -3120.000000 1955.000000
540.321899 -329.701904 2948.114653 2.583550 -3120.000000 1955.000000
500.351654 -304.555054 2948.114651 2.583583 -3120.000000 1955.000000
460.418243 -279.406067 2948.114649 2.583622 -3120.000000 1955.000000
420.510895 -254.254684 2948.114646 2.583668 -3120.000000 1955.000000
380.620911 -229.100830 2948.114642 2.583718 -3120.000000 1955.000000
340.741486 -203.944397 2948.114638 2.583772 -3120.000000 1955.000000
300.867706 -178.785156 2948.114633 2.583829 -3120.000000 1955.000000
260.996277 -153.622955 2948.114628 2.583889 -3120.000000 1955.000000
221.125046 -128.457535 2948.114622 2.583951 -3120.000000 1955.000000
181.252747 -103.288826 2948.114616 2.584015 -3120.000000 1955.000000
141.378891 -78.116936 2948.114609 2.584082 -3120.000000 1955.000000
101.503197 -52.942047 2948.114602 2.584151 -3120.000000 1955.000000
61.876419 -27.355036 2948.114595 2.584221 -3120.000000 1955.000000
22.063852 -2.065950 2948.114536 2.584422 -3120.000000 1955.000000
-17.743391 23.235884 2948.114517 2.584534 -3120.000000 1955.000000
-57.342693 48.876205 2948.114497 2.584652 -3120.000000 1955.000000
-97.441055 73.711906 2948.114418 2.584883 -3120.000000 1955.000000
-137.386551 98.795776 2948.114417 2.584854 -3120.000000 1955.000000
-177.061844 124.315666 2948.114413 2.584907 -3120.000000 1955.000000
-217.197632 149.093018 2948.114352 2.585110 -3120.000000 1955.000000
-256.897919 174.575333 2948.114349 2.585063 -3120.000000 1955.000000
-296.767456 199.785263 2948.114291 2.585261 -3120.000000 1955.000000
-336.930542 224.521759 2948.114275 2.585367 -3120.000000 1955.000000
-376.746094 249.818832 2948.114269 2.585307 -3120.000000 1955.000000
-416.992920 274.420197 2948.114239 2.585449 -3120.000000 1955.000000
-456.814850 299.708038 2948.114221 2.585338 -3120.000000 1955.000000
-496.765228 324.788544 2948.114191 2.585481 -3120.000000 1955.000000
-536.723572 349.855713 2948.114184 2.585550 -3120.000000 1955.000000
-576.744263 374.821442 2948.114178 2.585615 -3120.000000 1955.000000
-616.753296 399.804932 2948.114177 2.585643 -3120.000000 1955.000000
-656.824585 424.687317 2948.114175 2.585679 -3120.000000 1955.000000
-696.845886 449.649628 2948.114175 2.585675 -3120.000000 1955.000000
-736.905457 474.549896 2948.114173 2.585705 -3120.000000 1955.000000
-776.929993 499.506256 2948.114173 2.585709 -3120.000000 1955.000000
-816.998352 524.392090 2948.114172 2.585737 -3120.000000 1955.000000
-857.033203 549.331787 2948.114172 2.585736 -3120.000000 1955.000000
-897.044312 574.309265 2948.114171 2.585758 -3120.000000 1955.000000
-937.038086 599.315918 2948.114169 2.585799 -3120.000000 1955.000000
-977.085876 624.236145 2948.114165 2.585854 -3120.000000 1955.000000
-1017.441711 648.661072 2948.114164 2.585870 -3120.000000 1955.000000
-1057.399658 673.728088 2948.114094 2.585652 -3120.000000 1955.000000
-1097.761597 698.142273 2948.114083 2.585736 -3120.000000 1955.000000
-1137.656128 723.313293 2948.114002 2.585501 -3120.000000 1955.000000
-1177.467041 748.618164 2948.113975 2.585638 -3120.000000 1955.000000
-1217.682861 773.270935 2948.113909 2.585849 -3120.000000 1955.000000
-1257.507446 798.552002 2948.113887 2.585727 -3120.000000 1955.000000
-1297.794067 823.090088 2948.113822 2.585937 -3120.000000 1955.000000
-1337.892456 847.930786 2948.113769 2.585748 -3120.000000 1955.000000
-1377.987427 872.776733 2948.113768 2.585721 -3120.000000 1955.000000
-1418.028687 897.708862 2948.113767 2.585695 -3120.000000 1955.000000
-1458.093628 922.601929 2948.113766 2.585719 -3120.000000 1955.000000
-1498.110840 947.571289 2948.113766 2.585721 -3120.000000 1955.000000
-1538.119995 972.552551 2948.113763 2.585770 -3120.000000 1955.000000
-1578.112427 997.561584 2948.113758 2.585829 -3120.000000 1955.000000
-1618.158936 1022.483948 2948.113748 2.585909 -3120.000000 1955.000000
-1658.184326 1047.439819 2948.113747 2.585936 -3120.000000 1955.000000
-1698.270142 1072.298340 2948.113743 2.585987 -3120.000000 1955.000000
-1738.581543 1096.792847 2948.113743 2.585973 -3120.000000 1955.000000
-1778.492920 1121.932251 2948.113628 2.585694 -3120.000000 1955.000000
-1818.815308 1146.408569 2948.113578 2.585879 -3120.000000 1955.000000
-1858.685059 1171.617554 2948.113434 2.585567 -3120.000000 1955.000000
-1898.697998 1196.596069 2948.113343 2.585814 -3120.000000 1955.000000
-1938.721802 1221.557007 2948.113335 2.585889 -3120.000000 1955.000000
-1978.802979 1246.425171 2948.113329 2.585955 -3120.000000 1955.000000
-2018.862915 1271.326538 2948.113329 2.585944 -3120.000000 1955.000000
-2058.975342 1296.142822 2948.113328 2.585962 -3120.000000 1955.000000
-2099.025879 1321.058228 2948.113323 2.585902 -3120.000000 1955.000000
-2139.106445 1345.925049 2948.113321 2.585934 -3120.000000 1955.000000
-2179.144531 1370.860229 2948.113321 2.585919 -3120.000000 1955.000000
-2218.385498 1395.214111 2874.342824 2.585976 -3120.000000 1955.000000
-2256.718994 1419.164673 2800.572332 2.585968 -3120.000000 1955.000000
-2295.414307 1443.786377 2874.342802 2.586094 -3120.000000 1955.000000
-2333.174072 1466.768433 2800.571909 2.586623 -3120.000000 1955.000000
-2369.766113 1490.084961 2726.801201 2.586230 -3120.000000 1955.000000
-2406.575195 1512.250732 2653.030238 2.586818 -3120.000000 1955.000000
-2441.627197 1534.027344 2579.259181 2.586166 -3120.000000 1955.000000
-2474.645020 1555.325806 2505.488689 2.586191 -3120.000000 1955.000000
-2506.904297 1575.601562 2431.717170 2.587096 -3120.000000 1955.000000
-2538.286621 1594.964844 2357.946529 2.587447 -3120.000000 1955.000000
-2568.384766 1613.964355 2284.176031 2.587376 -3120.000000 1955.000000
-2598.096680 1631.169556 2210.405269 2.587863 -3120.000000 1955.000000
-2626.102295 1648.677979 2136.631904 2.586250 -3120.000000 1955.000000
-2652.569580 1666.212158 2062.861373 2.586443 -3120.000000 1955.000000
-2679.053955 1681.309204 1989.087793 2.588173 -3120.000000 1955.000000
-2703.242188 1697.617432 1915.313021 2.586099 -3120.000000 1955.000000
-2727.621582 1711.290649 1841.537698 2.588345 -3120.000000 1955.000000
-2750.389404 1725.256714 1767.761230 2.585797 -3120.000000 1955.000000
-2771.533203 1739.577637 1693.990635 2.585455 -3120.000000 1955.000000
-2794.653564 1752.130615 1767.756073 2.587898 -3120.000000 1955.000000
-2815.430176 1766.132080 1693.972410 2.584038 -3120.000000 1955.000000
-2836.868408 1777.744873 1620.196721 2.586515 -3120.000000 1955.000000
-2857.244141 1790.195435 1546.411405 2.582237 -3120.000000 1955.000000
-2875.577637 1803.009033 1472.640374 2.581402 -3120.000000 1955.000000
-2893.153809 1813.860474 1398.858859 2.585271 -3120.000000 1955.000000
-2909.398438 1825.122070 1325.088324 2.585023 -3120.000000 1955.000000
-2925.966797 1833.925171 1251.307434 2.588984 -3120.000000 1955.000000
-2940.939697 1843.041870 1177.519602 2.583720 -3120.000000 1955.000000
-2955.593018 1850.600952 1103.748624 2.582811 -3120.000000 1955.000000
-2970.218994 1859.821899 1177.492236 2.575832 -3120.000000 1955.000000
-2983.291748 1869.401001 1103.721685 2.575515 -3120.000000 1955.000000
-2996.862549 1876.853882 1029.926743 2.582171 -3120.000000 1955.000000
-3008.679199 1885.876343 956.137280 2.576102 -3120.000000 1955.000000
-3020.733154 1891.604614 882.320729 2.585917 -3120.000000 1955.000000
-3030.593506 1897.578857 808.479422 2.573248 -3120.000000 1955.000000
-3039.151855 1904.208374 734.706278 2.570686 -3120.000000 1955.000000
-3048.060547 1908.644043 660.899167 2.580670 -3120.000000 1955.000000
-3056.592285 1915.489502 734.626046 2.569182 -3120.000000 1955.000000
-3065.451904 1919.786865 660.771076 2.584348 -3120.000000 1955.000000
-3073.089111 1924.453247 586.916107 2.568357 -3120.000000 1955.000000
-3079.709961 1929.706543 513.141016 2.564399 -3120.000000 1955.000000
-3085.902588 1932.648315 439.299868 2.580994 -3120.000000 1955.000000
-3089.687744 1936.111572 365.444568 2.561344 -3120.000000 1955.000000
-3093.540039 1937.671265 291.577448 2.584340 -3120.000000 1955.000000
-3097.809570 1940.193970 365.273726 2.561778 -3120.000000 1955.000000
-3100.742676 1942.731567 291.489805 2.553203 -3120.000000 1955.000000
-3103.241699 1944.383179 217.654111 2.574355 -3120.000000 1955.000000
-3106.436279 1947.200439 290.243322 2.576886 -3120.000000 1955.000000
-3108.382812 1947.928589 191.231678 2.619735 -3120.000000 1955.000000
-3108.723145 1948.108154 96.812460 2.594799 -3120.000000 1955.000000
-3110.446045 1948.720215 138.666550 2.593015 -3120.000000 1955.000000
-3110.706543 1948.860596 49.009567 2.560105 -3120.000000 1955.000000
-3111.112549 1949.440308 91.626452 2.557791 -3120.000000 1955.000000
-3112.755127 1950.258789 119.725028 2.582586 -3120.000000 1955.000000
-3113.060547 1950.658325 30.219980 2.562114 -3120.000000 1955.000000
-3113.880371 1950.994995 66.524394 2.582525 -3120.000000 1955.000000
-3114.825684 1951.534546 84.830465 2.562094 -3120.000000 1955.000000
-3114.116211 1951.238159 6.168946 2.551464 -3120.000000 1955.000000
split
-3112.745850 1950.564453 67.671396 -0.439501 2646.000000 -757.000000
-3110.726074 1949.378296 141.441888 -0.439497 2646.000000 -757.000000
-3107.670410 1946.950317 215.212379 -0.439463 2646.000000 -757.000000
-3104.536133 1943.504028 288.982869 -0.439322 2646.000000 -757.000000
-3101.835938 1939.622681 362.753349 -0.439041 2646.000000 -757.000000
-3099.594482 1935.369263 436.523816 -0.438668 2646.000000 -757.000000
-3097.782227 1930.812866 510.294262 -0.438211 2646.000000 -757.000000
-3095.156006 1926.762695 584.064682 -0.437682 2646.000000 -757.000000
-3091.417725 1923.097900 657.835127 -0.437279 2646.000000 -757.000000
-3086.087646 1919.900269 731.605594 -0.437004 2646.000000 -757.000000
-3080.269531 1916.111816 805.376082 -0.436903 2646.000000 -757.000000
-3074.003418 1911.909058 879.146564 -0.436749 2646.000000 -757.000000
-3067.165039 1907.446167 952.917041 -0.436566 2646.000000 -757.000000
-3059.444092 1902.878418 1026.687517 -0.436383 2646.000000 -757.000000
-3048.282715 1900.346191 1100.457999 -0.436244 2646.000000 -757.000000
-3035.876709 1897.704102 1174.228409 -0.436629 2646.000000 -757.000000
-3024.290527 1892.711304 1247.998779 -0.437084 2646.000000 -757.000000
-3011.729248 1887.464722 1321.769269 -0.437145 2646.000000 -757.000000
-2998.308838 1881.764404 1395.539755 -0.437235 2646.000000 -757.000000
-2983.398438 1876.150024 1469.310242 -0.437319 2646.000000 -757.000000
-2965.519775 1872.276489 1543.080705 -0.437516 2646.000000 -757.000000
-2947.147705 1867.261353 1616.850865 -0.438172 2646.000000 -757.000000
-2928.307129 1861.184692 1690.621133 -0.438699 2646.000000 -757.000000
-2911.089600 1850.750122 1764.391485 -0.439105 2646.000000 -757.000000
-2892.603271 1840.635010 1838.161871 -0.438759 2646.000000 -757.000000
-2872.981689 1830.317139 1911.932321 -0.438546 2646.000000 -757.000000
-2852.405518 1819.160889 1985.702787 -0.438380 2646.000000 -757.000000
-2829.015137 1810.363403 2059.473228 -0.438155 2646.000000 -757.000000
-2806.479980 1797.889526 2133.243612 -0.438479 2646.000000 -757.000000
-2783.270752 1784.642700 2207.014016 -0.438192 2646.000000 -757.000000
-2760.562744 1768.122925 2280.784366 -0.437834 2646.000000 -757.000000
-2737.015869 1750.776733 2354.553947 -0.436940 2646.000000 -757.000000
-2712.106934 1733.465576 2428.323334 -0.435971 2646.000000 -757.000000
-2686.178467 1715.509888 2502.092895 -0.435096 2646.000000 -757.000000
-2658.985352 1697.410034 2575.862349 -0.434185 2646.000000 -757.000000
-2631.861084 1676.566772 2649.631906 -0.433333 2646.000000 -757.000000
-2602.748779 1657.228638 2723.400175 -0.432038 2646.000000 -757.000000
-2573.751953 1634.963745 2797.169490 -0.431108 2646.000000 -757.000000
-2543.471680 1612.838135 2870.937191 -0.429695 2646.000000 -757.000000
-2511.973877 1590.781372 2944.705202 -0.428381 2646.000000 -757.000000
-2481.095215 1567.046753 2944.702969 -0.427149 2646.000000 -757.000000
-2450.149414 1543.353760 2944.699363 -0.425584 2646.000000 -757.000000
-2418.986816 1520.364746 2944.695713 -0.424010 2646.000000 -757.000000
-2388.208496 1496.782227 2944.692555 -0.422545 2646.000000 -757.000000
-2357.168701 1472.932617 2944.688733 -0.420934 2646.000000 -757.000000
-2325.369141 1448.703491 2944.684684 -0.419276 2646.000000 -757.000000
-2292.810791 1424.030640 2944.680484 -0.417587 2646.000000 -757.000000
-2259.411377 1399.132935 2944.676070 -0.415855 2646.000000 -757.000000
-2225.004639 1374.449097 2944.671651 -0.414123 2646.000000 -757.000000
-2189.608398 1349.979126 2944.667661 -0.412477 2646.000000 -757.000000
-2153.275146 1325.712158 2944.664078 -0.410917 2646.000000 -757.000000
-2116.048340 1301.636108 2944.660861 -0.409439 2646.000000 -757.000000
-2077.818359 1278.083496 2944.657973 -0.408038 2646.000000 -757.000000
-2038.668457 1254.967896 2944.655658 -0.406784 2646.000000 -757.000000
-1998.676758 1232.245605 2944.653793 -0.405658 2646.000000 -757.000000
-1957.896851 1209.875732 2944.652295 -0.404650 2646.000000 -757.000000
-1916.249023 1187.870972 2944.651101 -0.403749 2646.000000 -757.000000
-1873.477539 1167.336548 2944.650203 -0.402968 2646.000000 -757.000000
-1831.058838 1145.032471 2944.649929 -0.402537 2646.000000 -757.000000
-1788.112427 1123.691895 2944.648981 -0.401735 2646.000000 -757.000000
-1745.010742 1102.668091 2944.648466 -0.401143 2646.000000 -757.000000
-1702.227905 1081.000977 2944.648053 -0.400614 2646.000000 -757.000000
-1658.781250 1061.181274 2944.647348 -0.399922 2646.000000 -757.000000
-1615.307129 1041.708252 2944.647227 -0.399635 2646.000000 -757.000000
-1571.881958 1022.390015 2944.647155 -0.399414 2646.000000 -757.000000
-1528.502441 1003.219910 2944.647097 -0.399215 2646.000000 -757.000000
-1485.219360 984.046265 2944.647051 -0.399038 2646.000000 -757.000000
-1442.014282 964.876282 2944.646998 -0.398848 2646.000000 -757.000000
-1398.815063 945.842834 2944.646939 -0.398649 2646.000000 -757.000000
-1355.606445 926.943665 2944.646893 -0.398473 2646.000000 -757.000000
-1312.380127 908.166199 2944.646860 -0.398322 2646.000000 -757.000000
-1269.131958 889.493347 2944.646837 -0.398196 2646.000000 -757.000000
-1225.860840 870.907654 2944.646821 -0.398092 2646.000000 -757.000000
-1182.567871 852.391541 2944.646810 -0.398007 2646.000000 -757.000000
-1139.255005 833.928894 2944.646803 -0.397937 2646.000000 -757.000000
-1095.923828 815.505554 2944.646798 -0.397880 2646.000000 -757.000000
-1052.578247 797.107483 2944.646795 -0.397832 2646.000000 -757.000000
-1009.222595 778.722717 2944.646792 -0.397790 2646.000000 -757.000000
-965.860840 760.341064 2944.646790 -0.397751 2646.000000 -757.000000
-922.496582 741.954956 2944.646788 -0.397713 2646.000000 -757.000000
-879.132568 723.558960 2944.646785 -0.397672 2646.000000 -757.000000
-835.770813 705.149719 2944.646783 -0.397629 2646.000000 -757.000000
-792.412720 686.725830 2944.646779 -0.397581 2646.000000 -757.000000
-749.243347 667.837463 2944.646775 -0.397527 2646.000000 -757.000000
-705.942932 649.264587 2944.646721 -0.397336 2646.000000 -757.000000
-662.651855 630.667114 2944.646706 -0.397234 2646.000000 -757.000000
-619.519348 611.688477 2944.646688 -0.397123 2646.000000 -757.000000
-576.022339 593.586182 2944.646609 -0.396891 2646.000000 -757.000000
-532.828430 574.756348 2944.646607 -0.396925 2646.000000 -757.000000
-489.514069 556.215088 2944.646552 -0.396731 2646.000000 -757.000000
-446.000305 538.152039 2944.646535 -0.396624 2646.000000 -757.000000
-402.774292 519.401184 2944.646532 -0.396669 2646.000000 -757.000000
-359.224884 501.424622 2944.646484 -0.396489 2646.000000 -757.000000
-315.930969 482.834961 2944.646477 -0.396561 2646.000000 -757.000000
-272.543915 464.467957 2944.646451 -0.396429 2646.000000 -757.000000
-229.149704 446.118835 2944.646445 -0.396369 2646.000000 -757.000000
-185.713547 427.871246 2944.646441 -0.396313 2646.000000 -757.000000
-142.294601 409.583496 2944.646440 -0.396292 2646.000000 -757.000000
-98.833427 391.397797 2944.646438 -0.396255 2646.000000 -757.000000
-55.407551 373.128296 2944.646438 -0.396255 2646.000000 -757.000000
-11.952581 354.928772 2944.646437 -0.396223 2646.000000 -757.000000
31.476803 336.668365 2944.646437 -0.396216 2646.000000 -757.000000
74.938637 318.485596 2944.646435 -0.396186 2646.000000 -757.000000
118.375671 300.243622 2944.646435 -0.396186 2646.000000 -757.000000
161.844955 282.078613 2944.646435 -0.396161 2646.000000 -757.000000
205.288666 263.852448 2944.646434 -0.396167 2646.000000 -757.000000
248.763718 245.701050 2944.646434 -0.396148 2646.000000 -757.000000
292.212280 227.486282 2944.646434 -0.396160 2646.000000 -757.000000
335.691223 209.344131 2944.646433 -0.396145 2646.000000 -757.000000
379.329803 191.584915 2944.646433 -0.396161 2646.000000 -757.000000
422.672852 173.116638 2944.646382 -0.396346 2646.000000 -757.000000
466.316711 155.369537 2944.646359 -0.396220 2646.000000 -757.000000
509.626984 136.819214 2944.646300 -0.396419 2646.000000 -757.000000
553.040527 118.515968 2944.646259 -0.396251 2646.000000 -757.000000
596.460999 100.229347 2944.646254 -0.396195 2646.000000 -757.000000
639.923218 82.043488 2944.646250 -0.396143 2646.000000 -757.000000
683.369812 63.821110 2944.646250 -0.396140 2646.000000 -757.000000
726.805176 45.571098 2944.646250 -0.396118 2646.000000 -757.000000
770.210571 27.248821 2944.646248 -0.396081 2646.000000 -757.000000
813.648743 9.005681 2944.646239 -0.396003 2646.000000 -757.000000
857.068787 -9.279344 2944.646237 -0.395965 2646.000000 -757.000000
900.533508 -27.457174 2944.646231 -0.395902 2646.000000 -757.000000
943.978943 -45.680462 2944.646231 -0.395896 2646.000000 -757.000000
987.456909 -63.825542 2944.646229 -0.395864 2646.000000 -757.000000
1030.910034 -82.029488 2944.646229 -0.395877 2646.000000 -757.000000
1074.395508 -100.155891 2944.646228 -0.395854 2646.000000 -757.000000
1117.855103 -118.344215 2944.646227 -0.395880 2646.000000 -757.000000
1161.345459 -136.458862 2944.646227 -0.395866 2646.000000 -757.000000
1204.807983 -154.640030 2944.646225 -0.395901 2646.000000 -757.000000
1248.299438 -172.751984 2944.646225 -0.395892 2646.000000 -757.000000
1291.761597 -190.934387 2944.646222 -0.395932 2646.000000 -757.000000
1335.251465 -209.050430 2944.646222 -0.395923 2646.000000 -757.000000
1378.711060 -227.238907 2944.646220 -0.395963 2646.000000 -757.000000
1422.197998 -245.361954 2944.646220 -0.395950 2646.000000 -757.000000
1465.654663 -263.557770 2944.646217 -0.395988 2646.000000 -757.000000
1509.138794 -281.687775 2944.646217 -0.395968 2646.000000 -757.000000
1552.592773 -299.889954 2944.646215 -0.396005 2646.000000 -757.000000
1596.074707 -318.025238 2944.646214 -0.395978 2646.000000 -757.000000
1639.526855 -336.231720 2944.646212 -0.396013 2646.000000 -757.000000
1682.099854 -353.990967 2870.875719 -0.395980 2646.000000 -757.000000
1723.711182 -371.500488 2797.105225 -0.396014 2646.000000 -757.000000
1763.971069 -388.858002 2723.334718 -0.395911 2646.000000 -757.000000
1803.092285 -404.636200 2649.563871 -0.395400 2646.000000 -757.000000
1840.424561 -420.833588 2575.792970 -0.395955 2646.000000 -757.000000
1878.651611 -436.876373 2649.562958 -0.395330 2646.000000 -757.000000
1916.055420 -451.656677 2575.792453 -0.395230 2646.000000 -757.000000
1952.238037 -467.571869 2502.020772 -0.396191 2646.000000 -757.000000
1988.473511 -481.777893 2428.249135 -0.395234 2646.000000 -757.000000
2022.740601 -496.078033 2354.476954 -0.396413 2646.000000 -757.000000
2054.902100 -510.392151 2280.706458 -0.396472 2646.000000 -757.000000
2086.402344 -523.519287 2206.934258 -0.395248 2646.000000 -757.000000
2116.485596 -536.957214 2133.163765 -0.395271 2646.000000 -757.000000
2146.156250 -548.218262 2059.391103 -0.393844 2646.000000 -757.000000
2174.250732 -559.949646 1985.617193 -0.395666 2646.000000 -757.000000
2201.687744 -570.088806 1911.846702 -0.395673 2646.000000 -757.000000
2227.489746 -580.968140 1838.070094 -0.398202 2646.000000 -757.000000
2251.766846 -592.341553 1764.299600 -0.398151 2646.000000 -757.000000
2275.835449 -601.132751 1690.523562 -0.395644 2646.000000 -757.000000
2297.822266 -611.635254 1616.745971 -0.398542 2646.000000 -757.000000
2321.520996 -620.119812 1690.508994 -0.395502 2646.000000 -757.000000
2343.708984 -629.175415 1616.726969 -0.399196 2646.000000 -757.000000
2364.788574 -639.095459 1542.955887 -0.400050 2646.000000 -757.000000
2386.356201 -646.667114 1469.178265 -0.397010 2646.000000 -757.000000
2405.355957 -656.045532 1395.390785 -0.401819 2646.000000 -757.000000
2423.733398 -662.489990 1321.605522 -0.397218 2646.000000 -757.000000
2440.891357 -669.610657 1247.819611 -0.402049 2646.000000 -757.000000
2456.683105 -677.495178 1174.048793 -0.402771 2646.000000 -757.000000
2472.464111 -682.788696 1100.262548 -0.397591 2646.000000 -757.000000
2486.261719 -689.779602 1026.468700 -0.404107 2646.000000 -757.000000
2501.523193 -695.141968 1100.222013 -0.398321 2646.000000 -757.000000
2515.129150 -700.958008 1026.430265 -0.404537 2646.000000 -757.000000
2527.513428 -707.426270 952.659772 -0.404598 2646.000000 -757.000000
2540.258789 -711.768860 878.856162 -0.396260 2646.000000 -757.000000
2550.592773 -717.437378 805.057962 -0.404200 2646.000000 -757.000000
2560.430908 -720.095215 731.237779 -0.393090 2646.000000 -757.000000
2569.052246 -723.546875 657.394665 -0.407183 2646.000000 -757.000000
2578.286133 -728.541931 731.162359 -0.410101 2646.000000 -757.000000
2587.536377 -731.176025 657.337063 -0.397857 2646.000000 -757.000000
2595.176758 -735.796692 583.459116 -0.415939 2646.000000 -757.000000
2603.287109 -738.113037 509.563677 -0.395243 2646.000000 -757.000000
2609.626221 -740.566345 435.679841 -0.416335 2646.000000 -757.000000
2613.963379 -743.534851 361.895358 -0.424349 2646.000000 -757.000000
2618.153320 -744.737244 287.998165 -0.397887 2646.000000 -757.000000
2622.781006 -747.559692 361.727399 -0.414814 2646.000000 -757.000000
2626.965576 -748.677979 287.808450 -0.386163 2646.000000 -757.000000
2630.122070 -749.876221 213.940663 -0.412166 2646.000000 -757.000000
2632.373779 -751.267212 130.743347 -0.421738 2646.000000 -757.000000
2634.761963 -752.211365 175.797682 -0.398238 2646.000000 -757.000000
2635.102783 -752.619934 79.735761 -0.402810 2646.000000 -757.000000
2636.323486 -752.765930 117.619993 -0.382181 2646.000000 -757.000000
2637.857178 -753.255188 139.047216 -0.412462 2646.000000 -757.000000
2637.721680 -753.097290 43.681934 -0.431049 2646.000000 -757.000000
2637.940674 -753.117432 79.451323 -0.440538 2646.000000 -757.000000
2638.372803 -753.534912 102.472396 -0.448940 2646.000000 -757.000000
2637.420898 -752.957947 18.559128 -0.426430 2646.000000 -757.000000
2637.487549 -753.019775 63.577709 -0.440303 2646.000000 -757.000000
2638.452881 -753.369995 94.146076 -0.437374 2646.000000 -757.000000
2638.071289 -753.255005 13.181357 -0.448315 2646.000000 -757.000000
2638.549561 -753.688354 57.574327 -0.441270 2646.000000 -757.000000
2639.643799 -754.123779 83.852082 -0.418262 2646.000000 -757.000000
2639.206055 -754.105408 5.953299 -0.424936 2646.000000 -757.000000
split
2638.957764 -753.100952 70.686674 1.690373 2260.000000 2402.000000
2638.664307 -751.188110 144.457165 1.690333 2260.000000 2402.000000
2637.511230 -748.171204 218.227657 1.690313 2260.000000 2402.000000
2635.502686 -744.488464 291.998142 1.690066 2260.000000 2402.000000
2633.222900 -740.606567 365.768599 1.689575 2260.000000 2402.000000
2630.365967 -736.893982 439.539031 1.689005 2260.000000 2402.000000
2626.928223 -733.454956 513.309396 1.688246 2260.000000 2402.000000
2624.172607 -729.546814 587.079655 1.687292 2260.000000 2402.000000
2622.170410 -724.946045 660.849993 1.686568 2260.000000 2402.000000
2621.297119 -719.271057 734.620414 1.686105 2260.000000 2402.000000
2620.104980 -713.073975 808.390904 1.686037 2260.000000 2402.000000
2618.678711 -706.300720 882.161386 1.685886 2260.000000 2402.000000
2617.484619 -698.794006 955.931860 1.685682 2260.000000 2402.000000
2616.859619 -690.265198 1029.702346 1.685578 2260.000000 2402.000000
2619.667969 -679.300598 1103.472831 1.685692 2260.000000 2402.000000
2620.382812 -668.033569 1177.242384 1.686997 2260.000000 2402.000000
2621.464111 -655.554626 1251.012626 1.687649 2260.000000 2402.000000
2622.610596 -641.933716 1324.782696 1.688470 2260.000000 2402.000000
2623.572510 -627.176025 1398.552659 1.689363 2260.000000 2402.000000
2625.102051 -611.006104 1472.322603 1.690248 2260.000000 2402.000000
2627.238525 -593.434448 1546.092146 1.691384 2260.000000 2402.000000
2628.529297 -574.837158 1619.861115 1.692787 2260.000000 2402.000000
2628.070068 -555.317505 1693.630476 1.693969 2260.000000 2402.000000
2628.361572 -534.357666 1767.400608 1.694620 2260.000000 2402.000000
2627.072021 -512.430542 1841.170265 1.695593 2260.000000 2402.000000
2625.110107 -489.278748 1914.940532 1.696086 2260.000000 2402.000000
2624.460205 -464.386780 1988.710923 1.696411 2260.000000 2402.000000
2623.217285 -438.126007 2062.480686 1.697267 2260.000000 2402.000000
2621.888672 -410.500244 2136.250634 1.697994 2260.000000 2402.000000
2620.892090 -381.462311 2210.020490 1.698765 2260.000000 2402.000000
2615.889404 -351.724792 2283.789947 1.699733 2260.000000 2402.000000
2613.569336 -320.272369 2357.560247 1.699323 2260.000000 2402.000000
2607.761475 -288.106689 2431.330270 1.699954 2260.000000 2402.000000
2601.176758 -254.747665 2505.100330 1.699358 2260.000000 2402.000000
2596.899414 -219.654480 2578.869935 1.698516 2260.000000 2402.000000
2589.200195 -183.705704 2652.640418 1.698602 2260.000000 2402.000000
2581.542480 -146.428085 2726.409088 1.697430 2260.000000 2402.000000
2573.002441 -107.973251 2800.177856 1.696306 2260.000000 2402.000000
2561.835449 -68.588669 2873.945418 1.694859 2260.000000 2402.000000
2552.138428 -27.611938 2947.706972 1.692365 2260.000000 2402.000000
2542.544678 13.779432 2947.701636 1.690463 2260.000000 2402.000000
2531.811523 55.399029 2947.696281 1.688557 2260.000000 2402.000000
2521.215088 97.371445 2947.687491 1.686114 2260.000000 2402.000000
2510.852295 139.575668 2947.678600 1.683658 2260.000000 2402.000000
2501.269531 182.455444 2947.669859 1.681223 2260.000000 2402.000000
2492.880127 226.311935 2947.663049 1.679073 2260.000000 2402.000000
2485.473877 270.823364 2947.659058 1.677428 2260.000000 2402.000000
2477.854980 315.711304 2947.656844 1.676202 2260.000000 2402.000000
2470.796631 360.973877 2947.654115 1.674842 2260.000000 2402.000000
2462.935791 406.603302 2947.652232 1.673711 2260.000000 2402.000000
2455.314453 452.677521 2947.648639 1.672150 2260.000000 2402.000000
2447.903320 499.219635 2947.645364 1.670659 2260.000000 2402.000000
2440.656738 546.244873 2947.642351 1.669229 2260.000000 2402.000000
2433.206055 593.569885 2947.639506 1.667840 2260.000000 2402.000000
2425.904541 641.011230 2947.635929 1.666282 2260.000000 2402.000000
2418.666992 688.454102 2947.632379 1.664730 2260.000000 2402.000000
2411.590576 735.824707 2947.628600 1.663129 2260.000000 2402.000000
2405.163086 783.133606 2947.624822 1.661528 2260.000000 2402.000000
2398.981201 830.352722 2947.622328 1.660227 2260.000000 2402.000000
2392.910156 877.481201 2947.620100 1.658997 2260.000000 2402.000000
2386.931152 924.529541 2947.617837 1.657758 2260.000000 2402.000000
2381.058350 971.513428 2947.615493 1.656497 2260.000000 2402.000000
2375.374268 1018.455322 2947.613099 1.655223 2260.000000 2402.000000
2370.005859 1065.381592 2947.610875 1.653994 2260.000000 2402.000000
2364.940918 1112.302734 2947.609152 1.652913 2260.000000 2402.000000
2360.170166 1159.227905 2947.607886 1.651986 2260.000000 2402.000000
2355.666504 1206.162720 2947.607032 1.651225 2260.000000 2402.000000
2351.392334 1253.109863 2947.606503 1.650626 2260.000000 2402.000000
2347.306641 1300.070068 2947.606207 1.650178 2260.000000 2402.000000
2343.442383 1346.062012 2873.835568 1.649862 2260.000000 2402.000000
2339.821777 1391.088135 2800.065015 1.649655 2260.000000 2402.000000
2336.310547 1436.781982 2873.835501 1.649593 2260.000000 2402.000000
2332.935791 1480.816772 2800.064995 1.649693 2260.000000 2402.000000
2329.684326 1524.050293 2726.294485 1.649808 2260.000000 2402.000000
2326.481934 1566.861328 2652.523942 1.650002 2260.000000 2402.000000
2322.444092 1607.915649 2578.753378 1.650235 2260.000000 2402.000000
2319.364746 1647.097778 2504.981690 1.649271 2260.000000 2402.000000
2315.408447 1685.114014 2431.211198 1.649274 2260.000000 2402.000000
2312.402588 1721.976196 2357.438522 1.647933 2260.000000 2402.000000
2309.360840 1757.551880 2283.667969 1.647704 2260.000000 2402.000000
2306.814209 1791.848511 2209.897232 1.647241 2260.000000 2402.000000
2304.195068 1824.751709 2136.126721 1.647372 2260.000000 2402.000000
2302.074219 1856.287476 2062.356201 1.647209 2260.000000 2402.000000
2299.562744 1886.516968 1988.585414 1.647744 2260.000000 2402.000000
2297.467529 1915.542969 1914.814802 1.647395 2260.000000 2402.000000
2295.097900 1943.331787 1841.044240 1.647666 2260.000000 2402.000000
2293.140137 1969.955200 1767.273520 1.647169 2260.000000 2402.000000
2290.979248 1995.378052 1693.502999 1.647352 2260.000000 2402.000000
2289.084961 2021.623779 1767.273266 1.646836 2260.000000 2402.000000
2287.061523 2046.698975 1693.502707 1.647111 2260.000000 2402.000000
2285.300781 2071.126953 1619.732141 1.646815 2260.000000 2402.000000
2283.358643 2095.068115 1545.961576 1.647115 2260.000000 2402.000000
2281.690186 2117.440186 1472.190984 1.646754 2260.000000 2402.000000
2279.930420 2138.079346 1398.420481 1.646873 2260.000000 2402.000000
2278.520508 2157.877930 1324.649644 1.646170 2260.000000 2402.000000
2277.084473 2176.605713 1250.879072 1.646517 2260.000000 2402.000000
2276.025146 2194.149414 1177.108578 1.646450 2260.000000 2402.000000
2274.771484 2210.535645 1103.337101 1.647743 2260.000000 2402.000000
2273.747559 2225.804688 1029.566608 1.647794 2260.000000 2402.000000
2273.085693 2241.938721 1103.336711 1.648663 2260.000000 2402.000000
2271.966797 2256.904541 1029.558642 1.652369 2260.000000 2402.000000
2271.680664 2271.241699 955.787886 1.653085 2260.000000 2402.000000
2270.385010 2284.927246 881.995266 1.659890 2260.000000 2402.000000
2269.542480 2296.876465 808.224605 1.659270 2260.000000 2402.000000
2268.321777 2306.898438 734.452412 1.661322 2260.000000 2402.000000
2267.285156 2315.894775 660.678055 1.658078 2260.000000 2402.000000
2265.399414 2325.695312 734.445816 1.655203 2260.000000 2402.000000
2264.720703 2334.398682 660.605765 1.641440 2260.000000 2402.000000
2264.043701 2342.330322 586.834991 1.640515 2260.000000 2402.000000
2262.758057 2349.778809 513.063262 1.638461 2260.000000 2402.000000
2263.191895 2355.763184 439.235828 1.623562 2260.000000 2402.000000
2261.717773 2361.882080 512.948980 1.639721 2260.000000 2402.000000
2261.314453 2367.291504 439.003352 1.613588 2260.000000 2402.000000
2261.676758 2372.145508 365.227506 1.608649 2260.000000 2402.000000
2261.307861 2376.581543 291.396179 1.626902 2260.000000 2402.000000
2261.826172 2379.516113 217.622473 1.622204 2260.000000 2402.000000
2261.032471 2382.561768 291.297406 1.651840 2260.000000 2402.000000
2260.693604 2384.527344 214.488793 1.623862 2260.000000 2402.000000
2260.587891 2385.537842 131.560848 1.610472 2260.000000 2402.000000
2260.489502 2387.720215 186.345884 1.606493 2260.000000 2402.000000
2260.903076 2388.089600 95.151596 1.605062 2260.000000 2402.000000
2260.660645 2388.760010 140.988482 1.635626 2260.000000 2402.000000
2260.610596 2390.486328 174.830895 1.620653 2260.000000 2402.000000
2260.322266 2390.658447 76.731592 1.623779 2260.000000 2402.000000
2260.251465 2391.379639 113.340345 1.599203 2260.000000 2402.000000
2260.456787 2392.693848 136.367694 1.594470 2260.000000 2402.000000
2260.239990 2392.181885 42.695456 1.619841 2260.000000 2402.000000
2260.412354 2392.810791 81.604609 1.595235 2260.000000 2402.000000
2260.162109 2394.321777 105.360158 1.615640 2260.000000 2402.000000
2260.155029 2394.293213 19.556928 1.591906 2260.000000 2402.000000
2260.313232 2395.171631 57.939511 1.590910 2260.000000 2402.000000
2260.178223 2396.526123 76.988748 1.616636 2260.000000 2402.000000
2260.354248 2396.293701 1.680542 1.603344 2260.000000 2402.000000
split
