0.0 0.014366
8.338403 0.030852
19.334303 0.045285
32.252117 0.065956
46.334988 0.076321
60.998294 0.090807
75.812601 0.105049
90.480553 0.119538
104.811828 0.135974
118.69878 0.15035
132.094511 0.164772
144.994228 0.179323
157.420041 0.19581800000000002
169.40935 0.21031600000000003
181.00621 0.22463500000000003
192.255374 0.23953500000000003
203.19847 0.25575200000000003
213.871876 0.27010700000000004
224.305728 0.28439900000000007
234.523876 0.29885000000000006
244.544251 0.3153790000000001
254.379684 0.3297590000000001
264.038661 0.34617300000000006
273.5264 0.36062800000000006
282.845525 0.3749760000000001
291.99683 0.3913670000000001
300.97998 0.40598600000000007
309.793814 0.4203610000000001
318.436867 0.4348760000000001
326.907493 0.4492360000000001
335.204164 0.4658020000000001
343.325477 0.4801030000000001
351.270211 0.4947180000000001
359.037451 0.5089640000000001
366.626464 0.525479
374.03667 0.5398890000000001
381.267673 0.554324
388.31929 0.570737
395.191398 0.5851550000000001
401.883875 0.5996310000000001
408.396752 0.6161250000000001
414.730029 0.6304640000000001
420.883798 0.6449310000000001
426.858119 0.6593030000000002
432.652992 0.6758150000000002
438.26854 0.6902500000000001
443.704732 0.7047190000000001
448.96166 0.7211470000000001
454.039354 0.7355910000000001
458.937844 0.7498850000000001
463.6571 0.7644400000000001
468.197153 0.7808770000000002
472.558034 0.7953020000000002
476.73971 0.8097790000000001
480.742214 0.8242040000000002
484.565545 0.8386110000000001
488.209673 0.8551690000000001
491.674597 0.869715
494.960349 0.886034
498.066897 0.900411
500.994272 0.915087
503.742444 0.929605
506.311412 0.943964
508.701177 0.960145
510.911739 0.9745240000000001
512.943097 0.991105
514.795252 1.005457
516.468264 1.019739
517.962012 1.0361339999999999
519.276557 1.050498
520.411898 1.0648229999999999
521.368097 1.0791849999999998
522.145032 1.095654
522.742824 1.112128
523.161352 1.124483
523.400737 1.138898
523.482954 1.155373
523.468854 1.1697899999999999
523.404705 1.1842219999999999
523.323526 1.2006579999999998
523.247597 1.2151059999999998
523.190589 1.229704
523.15946 1.244176
523.156774 1.26054
523.181738 1.274901
523.231727 1.28932
523.303018 1.303715
523.391704 1.320179
523.493757 1.334667
523.605698 1.349067
523.724598 1.36358
523.84783 1.380084
523.973627 1.394511
524.100522 1.409019
524.2276 1.425434
524.35419 1.439788
524.479986 1.4563160000000002
524.604745 1.4707370000000002
524.728527 1.4852120000000002
524.851333 1.4996320000000003
0.0 0.014776
8.178039 0.031342999999999996
21.662463 0.045918999999999995
38.078353 0.060705999999999996
56.169404 0.07533799999999999
75.124559 0.08996399999999999
94.348793 0.10446899999999999
113.430812 0.121234
132.108003 0.135793
150.232458 0.150172
167.740539 0.164689
184.626738 0.181101
200.922782 0.195439
216.681356 0.209886
231.96418 0.22633499999999998
246.833774 0.24070399999999997
261.348225 0.255546
275.558177 0.2699
289.50555 0.286228
303.223462 0.300572
316.736752 0.315052
330.063195 0.329316
343.21458 0.345667
356.198026 0.360102
369.017117 0.374546
381.672974 0.388966
394.165029 0.405473
406.491664 0.41993499999999995
418.650798 0.43435699999999994
430.640161 0.4508439999999999
442.457608 0.4653059999999999
454.101174 0.4797009999999999
465.56923 0.49617099999999986
476.860396 0.5106259999999999
487.973656 0.5250499999999999
498.908304 0.5415329999999999
509.663753 0.5559979999999999
520.239728 0.5705129999999998
530.635981 0.5849079999999999
540.852512 0.6054459999999999
550.889258 0.6157349999999999
560.746281 0.6301689999999999
570.423642 0.6466349999999998
579.921462 0.6610799999999999
589.239743 0.6754699999999999
598.378607 0.6899099999999999
607.338114 0.7064239999999999
616.118388 0.720806
624.719307 0.7352479999999999
633.141053 0.7498579999999999
641.383567 0.7663589999999999
649.446848 0.7807
657.331018 0.795265
665.035956 0.809609
672.561721 0.826041
679.908316 0.840549
687.075738 0.854963
694.063988 0.871397
700.873007 0.885771
707.502853 0.90022
713.953527 0.914681
720.224969 0.931425
726.317239 0.9459289999999999
732.230337 0.9601239999999999
737.964202 0.9765179999999999
743.518834 0.9908789999999998
748.894295 1.0052699999999999
754.090583 1.021664
759.107638 1.036058
763.945522 1.050435
768.604173 1.064815
773.083652 1.081304
777.383898 1.0957780000000001
781.504971 1.1101860000000001
785.446874 1.124915
789.209542 1.1414160000000002
792.792978 1.1558370000000002
796.197243 1.1702690000000002
799.422274 1.1846830000000002
802.468194 1.2011200000000002
805.33482 1.2155340000000001
808.022335 1.230007
810.530557 1.246518
812.859606 1.260925
815.009484 1.2753210000000001
816.980189 1.2896990000000002
818.771661 1.3061770000000001
820.3839 1.3206090000000001
821.816968 1.3350680000000001
823.070803 1.3495460000000001
824.145526 1.3639960000000002
825.040956 1.3805060000000002
825.757213 1.3949240000000003
826.294299 1.4114550000000003
826.652152 1.4259410000000003
826.830832 1.4403490000000003
826.874351 1.4547490000000003
826.838505 1.4691800000000004
826.764909 1.4856660000000004
826.68272 1.5000700000000005
0.0 0.01437
11.139191 0.030876
29.85509 0.045295
53.087485 0.059785000000000005
78.423058 0.076256
104.670561 0.090612
131.091947 0.105054
157.193184 0.11944199999999999
182.673566 0.136042
207.378357 0.150492
231.257213 0.164819
254.329768 0.181299
276.658226 0.19574899999999998
298.326741 0.21028799999999997
319.426649 0.22454399999999997
340.046534 0.24096799999999996
360.26624 0.255532
380.153737 0.269852
399.764076 0.286357
419.13981 0.301193
438.312184 0.315432
457.302871 0.331787
476.125713 0.346076
494.788619 0.360629
513.29497 0.375036
531.645143 0.391393
549.837559 0.405782
567.869441 0.420166
585.737674 0.43461
603.438959 0.451118
620.9703 0.46551400000000004
638.329006 0.47998900000000005
655.512937 0.49452000000000007
672.520318 0.5108980000000001
689.349864 0.525151
706.000656 0.541775
722.47202 0.556141
738.76359 0.570429
754.875242 0.584812
770.806792 0.601315
786.558422 0.6156710000000001
802.130073 0.6322120000000001
817.521926 0.6465060000000001
832.734164 0.6610160000000002
847.766728 0.6754210000000002
862.619799 0.6898040000000002
877.293562 0.7042980000000002
891.787956 0.7208310000000002
906.103041 0.7352610000000003
920.23894 0.7497050000000003
934.195653 0.7662040000000003
947.973179 0.7805860000000003
961.57152 0.7951370000000003
974.990674 0.8094710000000003
988.230704 0.8261150000000003
1001.291547 0.8408620000000002
1014.173143 0.8555110000000002
1026.875615 0.8700700000000002
1039.3989 0.8847240000000003
1051.742999 0.8994450000000003
1063.907912 0.9162490000000003
1075.893578 0.9312550000000003
1087.700179 0.9455420000000003
1099.327472 0.9599090000000003
1110.775579 0.9765350000000004
1122.0445 0.9914580000000004
1133.134234 1.0057030000000005
1144.044661 1.0205690000000005
1154.776023 1.0369170000000005
1165.328199 1.0513170000000005
1175.701067 1.0659690000000006
1185.894748 1.0805540000000007
1195.909243 1.0949920000000006
1205.744552 1.1094860000000006
1215.400675 1.1259870000000007
1224.877611 1.1406680000000007
1234.175361 1.1552140000000006
1243.293803 1.1696500000000005
1252.23318 1.1861570000000006
1260.99325 1.2005930000000005
1269.574133 1.2151400000000006
1277.975829 1.2316620000000005
1286.19834 1.2460950000000004
1294.241664 1.2605080000000004
1302.105802 1.2750560000000004
1309.790753 1.2915290000000004
1317.296396 1.3059430000000003
1324.622975 1.3204450000000003
1331.770246 1.3369140000000004
1338.73833 1.3514360000000003
1345.527228 1.3658950000000003
1352.136939 1.3806290000000003
1358.567465 1.3950730000000002
1364.818804 1.4117430000000002
1370.890956 1.4265340000000002
1376.783801 1.4412870000000002
1382.497581 1.4562100000000002
1388.032052 1.4710920000000003
1393.387338 1.4857640000000003
1398.563436 1.5002910000000003
0.0 0.014472
14.086255 0.030948000000000003
38.010647 0.045238
68.100376 0.059687000000000004
101.337715 0.07621700000000001
135.474145 0.09056800000000001
169.530669 0.10705100000000001
202.954267 0.11920700000000001
235.431776 0.135737
266.826442 0.150142
297.123708 0.164567
326.387326 0.181529
354.725442 0.195537
382.265639 0.21006899999999998
409.137581 0.22462499999999996
435.461988 0.24084099999999997
461.344438 0.25527199999999994
486.872331 0.26957499999999995
512.114838 0.28413599999999994
537.124024 0.30042499999999994
561.937162 0.3146959999999999
586.579057 0.3292489999999999
611.064663 0.3455779999999999
635.401777 0.3600009999999999
659.592687 0.3744549999999999
683.636314 0.3910929999999999
707.529492 0.4058989999999999
731.267831 0.4188219999999999
754.84669 0.4337189999999999
778.261548 0.4487419999999999
801.508434 0.46360699999999994
824.583739 0.48031599999999997
847.484773 0.495156
870.209393 0.509557
892.75601 0.525965
915.123459 0.538348
937.311188 0.5553060000000001
959.318586 0.5698840000000001
981.145832 0.5842350000000001
1002.792561 0.598704
1024.259016 0.615114
1045.545439 0.629548
1066.651711 0.644037
1087.578317 0.6604679999999999
1108.325138 0.674958
1128.892417 0.6893509999999999
1149.280397 0.703718
1169.488959 0.720221
1189.518222 0.734584
1209.36831 0.751055
1229.039223 0.765451
1248.530961 0.779838
1267.843523 0.794278
1286.97691 0.8087380000000001
1305.931244 0.8252200000000001
1324.706281 0.839697
1343.302264 0.8543310000000001
1361.718951 0.8687910000000001
1379.956584 0.8852110000000001
1398.014919 0.8994810000000001
1415.894079 0.9138790000000001
1433.594185 0.9301990000000001
1451.114994 0.9447330000000002
1468.456507 0.9591490000000001
1485.618965 0.9755060000000001
1502.602248 0.9899580000000001
1519.406233 1.0044240000000002
1536.031043 1.0188540000000001
1552.476677 1.035211
1568.743014 1.0496660000000002
1584.830175 1.0640280000000002
1600.738282 1.0805140000000002
1616.467092 1.094923
1632.016605 1.1093600000000001
1647.387064 1.123801
1662.578225 1.140217
1677.590211 1.154728
1692.423021 1.171194
1707.076655 1.1855600000000002
1721.550992 1.199958
1735.846275 1.2144190000000001
1749.96226 1.2288620000000001
1763.89907 1.2453010000000002
1777.656704 1.2597240000000003
1791.23504 1.2742100000000003
1804.634323 1.2906640000000003
1817.854309 1.3051350000000002
1830.895118 1.3196280000000002
1843.756752 1.3339850000000002
1856.439088 1.3504720000000001
1868.942371 1.3649200000000001
1881.266355 1.379248
1893.411164 1.395771
1905.376676 1.410182
1917.163133 1.426609
1928.770293 1.438979
1940.198278 1.453551
1951.447086 1.470332
1962.516719 1.485184
1973.407176 1.501968
0.0 0.014898
16.809907 0.029625
45.190379 0.044573
80.631594 0.05935
119.724747 0.074119
160.126849 0.089002
200.681271 0.105822
240.687246 0.120569
279.731766 0.135294
317.616215 0.149931
354.293013 0.164617
389.813727 0.17900300000000002
424.288544 0.195448
457.855644 0.210406
490.660594 0.224496
522.841291 0.238906
554.52006 0.255334
585.800012 0.269735
616.763483 0.284105
647.473394 0.298545
677.975883 0.314992
708.301664 0.329359
738.470015 0.34587100000000004
768.491687 0.36030500000000004
798.370801 0.37470600000000004
828.107078 0.389153
857.697265 0.40354300000000004
887.136617 0.42005600000000004
916.420324 0.43445700000000004
945.54317 0.448892
974.500344 0.465381
1003.287783 0.47981599999999996
1031.902505 0.494262
1060.341732 0.510718
1088.603431 0.5251170000000001
1116.686315 0.5396000000000001
1144.5895 0.5539750000000001
1172.312378 0.570463
1199.855082 0.5848800000000001
1227.217136 0.599264
1254.398879 0.6157320000000001
1281.400174 0.6301680000000001
1308.221426 0.64463
1334.862569 0.661093
1361.324073 0.675509
1387.60621 0.6899730000000001
1413.708641 0.704531
1439.631771 0.720951
1465.375398 0.735346
1490.939995 0.7498370000000001
1516.325357 0.7642940000000001
1541.531689 0.7787990000000001
1566.558786 0.7951810000000001
1591.406716 0.8096080000000001
1616.075547 0.8240860000000001
1640.56521 0.8404730000000001
1664.875638 0.8548990000000002
1689.006965 0.8692940000000002
1712.959125 0.8839300000000002
1736.732117 0.9004820000000002
1760.325805 0.9147960000000003
1783.740459 0.9292990000000003
1806.975674 0.9435590000000004
1830.031855 0.9605110000000003
1852.9088 0.9754140000000003
1875.606711 0.9902200000000003
1898.125182 1.0052750000000004
1920.464619 1.0200390000000004
1942.624819 1.0349160000000004
1964.605782 1.0496630000000005
1986.40771 1.0645980000000004
2008.030199 1.0794900000000003
2029.473652 1.0941940000000003
2050.737868 1.1092190000000004
2071.822847 1.1240300000000003
2092.72879 1.1390550000000004
2113.455294 1.1537560000000004
2134.002762 1.1703850000000005
2154.370993 1.1853280000000004
2174.559783 1.2002360000000003
2194.569672 1.2152140000000002
2214.400189 1.2301040000000003
2234.05167 1.2450770000000002
2253.523914 1.2597300000000002
2272.816851 1.2745900000000003
2291.930821 1.2894010000000002
2310.86535 1.3042150000000003
2329.620776 1.3188940000000005
2348.197031 1.3334430000000004
2366.594048 1.3501510000000003
2384.811962 1.3648770000000003
2402.850502 1.3796410000000003
2420.710007 1.3942870000000003
2438.390205 1.4090440000000002
2455.891031 1.425704
2473.212955 1.440271
2490.355608 1.4549880000000002
2507.319022 1.4697930000000001
2524.10323 1.4845380000000001
2540.708269 1.4991800000000002
0.0 0.014439
19.764501 0.028892
53.374941 0.043331
95.713428 0.059791
142.694214 0.07422899999999999
191.442717 0.088652
240.018184 0.10507
287.6258 0.119548
333.857262 0.133955
378.550146 0.148394
421.709489 0.162842
463.446081 0.179842
503.928796 0.193969
543.348905 0.20843
581.897941 0.224864
619.75188 0.239244
657.062087 0.25362
693.953588 0.270121
730.524436 0.284609
766.847581 0.299008
802.974334 0.313465
838.939027 0.327874
874.761565 0.344342
910.451647 0.35878699999999997
946.011603 0.375289
981.439529 0.38970099999999996
1016.729666 0.40414599999999995
1051.875459 0.42066299999999995
1086.870432 0.43506399999999995
1121.707591 0.44944599999999996
1156.381085 0.46395
1190.886172 0.47832899999999995
1225.21884 0.4948179999999999
1259.375771 0.509273
1293.354996 0.523747
1327.155037 0.53813
1360.774727 0.554697
1394.214012 0.569059
1427.472139 0.583491
1460.549313 0.597945
1493.445881 0.6145029999999999
1526.161972 0.6288909999999999
1558.697583 0.6433609999999998
1591.053193 0.6598589999999999
1623.229005 0.6742499999999999
1655.225216 0.6887379999999999
1687.041692 0.7052439999999999
1718.678978 0.7196709999999998
1750.137136 0.7341549999999999
1781.41583 0.7486049999999999
1812.51546 0.7630249999999998
1843.435897 0.7795769999999999
1874.177203 0.7940749999999999
1904.73938 0.8084999999999999
1935.122697 0.8249389999999999
1965.326547 0.8394259999999999
1995.35133 0.8540329999999999
2025.19698 0.8705379999999999
2054.863499 0.88491
2084.350819 0.8993
2113.6588 0.91384
2142.787854 0.928064
2171.737568 0.944655
2200.508083 0.958877
2229.099463 0.97536
2257.511709 0.989768
2285.744821 1.004195
2313.798526 1.018688
2341.673095 1.035133
2369.368427 1.049528
2396.884557 1.0639560000000001
2424.221617 1.0784090000000002
2451.379373 1.0948550000000001
2478.357993 1.1092780000000002
2505.157412 1.1237180000000002
2531.777591 1.1381830000000002
2558.218634 1.1546850000000002
2584.480372 1.1690730000000003
2610.562974 1.1834850000000003
2636.466335 1.1999610000000003
2662.19056 1.2144280000000003
2687.735583 1.2288580000000002
2713.101366 1.2453680000000003
2738.288011 1.2598040000000001
2763.295416 1.2742760000000002
2788.123722 1.2887600000000001
2812.772684 1.305279
2837.242509 1.319731
2861.533196 1.334176
2885.644578 1.348719
2909.576822 1.365156
2933.329928 1.379601
2956.903728 1.394066
2980.29839 1.408524
3003.513811 1.4229960000000001
3026.550095 1.4394160000000003
3049.407072 1.4538990000000003
3072.084911 1.4704130000000002
3094.583612 1.4848330000000003
3116.903007 1.4995540000000003
0.0 0.016817
22.692231 0.031058999999999996
61.442154 0.045436
110.493458 0.059879999999999996
165.101333 0.07423099999999999
221.53683 0.090669
277.573281 0.105037
332.3914 0.119483
385.555715 0.135971
436.908721 0.15038700000000002
486.480922 0.16480300000000003
534.418461 0.17962200000000003
580.929457 0.19434300000000004
626.244625 0.21073700000000004
670.589997 0.22563800000000003
714.170968 0.24027100000000004
757.164257 0.254829
799.713523 0.269313
841.930555 0.283746
883.898138 0.300165
925.673933 0.314622
967.295753 0.331106
1008.785084 0.34553100000000003
1050.151935 0.360111
1091.397855 0.37454000000000004
1132.519648 0.388956
1173.510754 0.40543
1214.362878 0.41985
1255.068168 0.43434
1295.618331 0.449054
1336.00698 0.46570100000000003
1376.228158 0.48021800000000003
1416.277376 0.494671
1456.151268 0.511156
1495.847331 0.52554
1535.363838 0.539988
1574.699751 0.55439
1613.854642 0.568814
1652.828163 0.585307
1691.620487 0.5999410000000001
1730.231791 0.614622
1768.662069 0.629378
1806.912101 0.644157
1844.981888 0.660936
1882.871685 0.675375
1920.581841 0.690278
1958.112443 0.7050599999999999
1995.463575 0.7198089999999999
2032.635497 0.7345149999999999
2069.628294 0.7509859999999999
2106.441797 0.7654099999999999
2143.076085 0.779878
2179.531338 0.794223
2215.807466 0.810632
2251.904603 0.825141
2287.822397 0.8395130000000001
2323.561066 0.8559490000000001
2359.120743 0.8704130000000001
2394.501035 0.8847840000000001
2429.70229 0.8992380000000001
2464.724336 0.9156910000000001
2499.567126 0.9300810000000002
2534.23075 0.9444770000000001
2568.715293 0.9609330000000001
2603.020452 0.9753610000000001
2637.146488 0.9897500000000001
2671.09327 1.0062140000000002
2704.860972 1.020663
2738.449376 1.0350540000000001
2771.858614 1.049514
2805.088684 1.065932
2838.139456 1.0803330000000002
2871.011062 1.0947700000000002
2903.7035 1.1112290000000002
2936.216707 1.1256340000000002
2968.550747 1.1400160000000001
3000.705532 1.1565100000000001
3032.681216 1.1709710000000002
3064.477624 1.1853510000000003
3096.094843 1.1998090000000003
3127.532874 1.2142020000000004
3158.791737 1.2307080000000004
3189.871325 1.2451440000000003
3220.771702 1.2596080000000003
3251.492934 1.2740080000000003
3282.034956 1.2904560000000003
3312.39781 1.3049020000000002
3342.581389 1.3213760000000003
3372.585866 1.3360030000000003
3402.411078 1.3504320000000003
3432.057112 1.3647580000000004
3461.523957 1.3791300000000004
3490.811527 1.3955910000000005
3519.919918 1.4100500000000005
3548.849209 1.4243420000000004
3577.599231 1.4407430000000003
3606.170069 1.4552210000000003
3634.561636 1.4696020000000003
3662.774106 1.4860650000000002
3690.807305 1.5004960000000003
0.0 0.016575
25.643431 0.031233999999999998
69.611967 0.046033
125.538263 0.060543
188.160986 0.07727
253.335114 0.091964
318.087097 0.106391
381.027865 0.120716
441.748943 0.135531
500.155447 0.15030400000000002
556.356751 0.16511000000000003
610.582739 0.18050700000000003
663.121888 0.19679300000000002
714.275183 0.211714
764.329448 0.22656600000000002
813.53847 0.241178
862.114858 0.255863
910.229636 0.270567
958.012919 0.285195
1005.558769 0.301735
1052.931499 0.316195
1100.170963 0.33056800000000003
1147.298854 0.34710700000000005
1194.323445 0.361511
1241.244029 0.376136
1288.053919 0.39094
1334.743799 0.405824
1381.302689 0.42050000000000004
1427.720241 0.43531900000000007
1473.986475 0.45226600000000006
1520.093419 0.46698000000000006
1566.033955 0.48189600000000005
1611.802788 0.4964660000000001
1657.395943 0.511267
1702.810744 0.525965
1748.045365 0.5407420000000001
1793.098611 0.555485
1837.970034 0.570151
1882.659576 0.5869369999999999
1927.167396 0.6019039999999999
1971.493577 0.6166249999999999
2015.638827 0.6311289999999998
2059.603229 0.6460209999999998
2103.387309 0.6609139999999999
2146.991309 0.6756659999999999
2190.415515 0.6923039999999999
2233.660168 0.7070829999999999
2276.725533 0.7215599999999999
2319.611609 0.7359549999999999
2362.318396 0.7507059999999999
2404.846158 0.7654229999999999
2447.194854 0.7824399999999998
2489.364158 0.7950889999999998
2531.35466 0.8100589999999999
2573.166004 0.8270199999999999
2614.798139 0.8418659999999999
2656.251157 0.8565659999999999
2697.525017 0.871181
2738.619718 0.885753
2779.535302 0.902495
2820.271727 0.9171130000000001
2860.828903 0.931977
2901.206829 0.946466
2941.405596 0.960667
2981.425205 0.97521
3021.265604 0.991625
3060.926804 1.006008
3100.408754 1.020755
3139.711545 1.037139
3178.835046 1.0515160000000001
3217.779448 1.0659770000000002
3256.544672 1.0802990000000001
3295.130625 1.096856
3333.537347 1.111278
3371.765003 1.125784
3409.813316 1.140361
3447.68245 1.1572149999999999
3485.372445 1.171954
3522.88319 1.186521
3560.214776 1.2012669999999999
3597.367193 1.215968
3634.340359 1.230607
3671.134275 1.245302
3707.749041 1.2622
3744.184638 1.276614
3780.441077 1.2911759999999999
3816.518183 1.3059669999999999
3852.416211 1.3205619999999998
3888.134994 1.3372829999999998
3923.674525 1.3519459999999999
3959.034941 1.3664249999999998
3994.216106 1.3809309999999997
4029.218065 1.3956269999999997
4064.040868 1.4122959999999998
4098.684461 1.4269509999999999
4133.148809 1.4417939999999998
4167.433992 1.4563939999999997
4201.539975 1.4711589999999997
4235.466748 1.4859579999999997
4269.214362 1.5008479999999997
0.0 0.014463
28.597552 0.03092
77.794882 0.045373
140.616293 0.05967
211.286637 0.074112
285.24747 0.090531
359.129141 0.105061
430.958255 0.12148500000000001
499.808186 0.135858
565.671401 0.150267
628.766606 0.16470600000000002
689.437616 0.18117100000000003
748.080163 0.19558700000000004
805.090737 0.21005600000000005
860.834979 0.22437500000000005
915.63055 0.24081800000000003
969.738555 0.25570800000000005
1023.364093 0.269728
1076.661557 0.28436300000000003
1129.739432 0.30065400000000003
1182.669707 0.315066
1235.495561 0.329407
1288.238011 0.345859
1340.902758 0.36039600000000005
1393.485286 0.37483700000000003
1445.97546 0.389243
1498.359446 0.406009
1550.623009 0.420925
1602.752614 0.435522
1654.735802 0.44995300000000005
1706.562254 0.4663800000000001
1758.223604 0.4808360000000001
1809.71382 0.4951740000000001
1861.027824 0.5096590000000001
1912.162712 0.5261290000000001
1963.116351 0.54054
2013.88786 0.554913
2064.47636 0.56924
2114.882234 0.5839219999999999
2165.105673 0.5987819999999999
2215.147137 0.6155379999999999
2265.006966 0.630292
2314.685769 0.644824
2364.18408 0.659659
2413.502091 0.674412
2462.640486 0.689086
2511.599092 0.705859
2560.378444 0.720459
2608.978542 0.7348629999999999
2657.399534 0.7493179999999999
2705.641366 0.7638929999999999
2753.704149 0.7804289999999999
2801.587922 0.794773
2849.292607 0.8092349999999999
2896.818243 0.8257189999999999
2944.164695 0.8402059999999999
2991.332096 0.8545829999999999
3038.320312 0.8693069999999998
3085.129477 0.8842759999999998
3131.759322 0.8990959999999999
3178.210078 0.9160809999999999
3224.481684 0.9312079999999999
3270.574067 0.945804
3316.487225 0.960646
3362.221233 0.975232
3407.776017 0.989671
3453.151651 1.00607
3498.347925 1.020573
3543.365145 1.0352109999999999
3588.20314 1.0497629999999998
3632.861946 1.0643959999999997
3677.341467 1.0790839999999997
3721.641877 1.0940289999999997
3765.763079 1.1087699999999996
3809.705093 1.1255379999999995
3853.467869 1.1405549999999995
3897.051485 1.1550639999999996
3940.455902 1.1695589999999996
3983.681082 1.1859899999999997
4026.727102 1.2004149999999996
4069.593922 1.2148309999999996
4112.281553 1.2292949999999996
4154.789979 1.2437159999999996
4197.119163 1.2604889999999995
4239.269195 1.2749719999999996
4281.240026 1.2896909999999995
4323.03166 1.3065239999999996
4364.644094 1.3209569999999995
4406.077331 1.3354239999999995
4447.331367 1.3497689999999996
4488.406206 1.3642209999999995
4529.30184 1.3806489999999996
4570.018278 1.3951229999999997
4610.555521 1.4094769999999996
4650.913555 1.4261979999999996
4691.092422 1.4407609999999997
4731.092064 1.4550659999999997
4770.912506 1.4695609999999997
4810.55376 1.4860479999999996
4850.015823 1.5005699999999995
0.0 0.014393
31.540755 0.028881999999999998
85.92894 0.043337
155.569185 0.057855000000000004
234.162076 0.074244
316.727818 0.088631
399.51404 0.103067
479.842673 0.11951800000000001
556.542845 0.13395300000000002
629.677228 0.14836100000000002
699.554672 0.16485600000000003
766.614192 0.17924800000000002
831.342967 0.19367800000000002
894.219542 0.20812200000000003
955.678615 0.22461100000000003
1016.093335 0.23900400000000002
1075.767888 0.253438
1134.938867 0.270384
1193.781497 0.284559
1252.418091 0.298883
1310.928319 0.313342
1369.357842 0.327756
1427.72798 0.344195
1486.042618 0.358535
1544.294245 0.372921
1602.469138 0.389463
1660.550204 0.403932
1718.520095 0.418238
1776.36215 0.434773
1834.062042 0.449184
1891.60803 0.463627
1948.990016 0.478059
2006.200836 0.49445300000000003
2063.235396 0.5089100000000001
2120.090072 0.5233490000000001
2176.762791 0.5398170000000001
2233.252173 0.554282
2289.558045 0.568724
2345.680407 0.583214
2401.619475 0.599664
2457.376068 0.614073
2512.950663 0.628506
2568.343948 0.642894
2623.556486 0.659338
2678.588923 0.673755
2733.441217 0.688275
2788.114057 0.702753
2842.607402 0.7192449999999999
2896.921509 0.7337359999999999
2951.056595 0.7481389999999999
3005.012487 0.7646299999999999
3058.789443 0.779056
3112.38727 0.793528
3165.806098 0.810071
3219.045839 0.8244509999999999
3272.106494 0.8388899999999999
3324.988084 0.8533609999999999
3377.690502 0.8678189999999999
3430.213694 0.8843329999999999
3482.557745 0.898739
3534.722656 0.913303
3586.708405 0.927657
3638.514929 0.9443729999999999
3690.142204 0.9588969999999999
3741.590328 0.9731949999999999
3792.859206 0.9895329999999999
3843.948929 1.0039719999999999
3894.859492 1.018382
3945.590726 1.034813
3996.142885 1.049135
4046.515726 1.06357
4096.709405 1.0780539999999998
4146.723923 1.0944969999999998
4196.559117 1.1089589999999998
4246.215257 1.123379
4295.692138 1.137821
4344.989782 1.154377
4394.108275 1.168966
4443.047531 1.183341
4491.807614 1.197644
4540.38846 1.214129
4588.790112 1.228651
4637.012613 1.243077
4685.055877 1.259504
4732.91999 1.2739639999999999
4780.604866 1.288473
4828.110547 1.302719
4875.437035 1.3192629999999999
4922.584285 1.3336719999999997
4969.552384 1.3502359999999998
5016.341246 1.3646549999999997
5062.950871 1.3791499999999997
5109.381388 1.3937189999999997
5155.632668 1.4083959999999998
5201.704732 1.4232429999999998
5247.597624 1.4380279999999999
5293.311343 1.459007
5338.845825 1.469673
5384.201069 1.484602
5429.377163 1.49946
0.0 0.01644
34.539799 0.030886999999999998
94.167098 0.045298
170.683653 0.059718999999999994
257.280351 0.07619599999999999
348.567162 0.09060899999999998
440.476919 0.10713799999999998
530.102475 0.12148799999999998
615.745423 0.13593799999999998
696.965418 0.151048
774.190675 0.16693599999999997
848.003338 0.18135899999999996
919.0285 0.19563799999999998
987.86753 0.21212799999999998
1055.05959 0.22655199999999998
1121.061958 0.240942
1186.243549 0.25535199999999997
1250.887732 0.269775
1315.202694 0.28626799999999997
1379.330988 0.30069399999999996
1443.363606 0.315119
1507.35127 0.331542
1571.315396 0.345956
1635.25699 0.36044
1699.164541 0.374816
1763.018968 0.391304
1826.798284 0.40576999999999996
1890.480344 0.42039799999999994
1954.044727 0.4368409999999999
2017.47337 0.45127699999999993
2080.752104 0.46562299999999995
2143.868798 0.47998299999999994
2206.815216 0.49647499999999994
2269.584631 0.510967
2332.173333 0.5254669999999999
2394.578964 0.5418399999999999
2456.799882 0.5563649999999999
2518.836045 0.5707169999999999
2580.687598 0.585096
2642.355148 0.601645
2703.839304 0.6160479999999999
2765.140991 0.6303759999999999
2826.260989 0.6448769999999999
2887.199946 0.661337
2947.958392 0.675754
3008.536933 0.690184
3068.935783 0.706674
3129.155244 0.721107
3189.195449 0.7356450000000001
3249.056662 0.7500050000000001
3308.738809 0.7668090000000002
3368.241983 0.7810470000000002
3427.566184 0.7954170000000002
3486.711318 0.8159710000000001
3545.677459 0.8262670000000001
3604.464532 0.840709
3663.072518 0.8549880000000001
3721.501295 0.869473
3779.751047 0.885888
3837.821589 0.900336
3895.713002 0.916795
3953.425196 0.931254
4010.958202 0.9456
4068.311983 0.960021
4125.486577 0.974432
4182.481986 0.9909319999999999
4239.298164 1.005226
4295.935156 1.021704
4352.392917 1.036081
4408.67153 1.050505
4464.770864 1.064988
4520.691079 1.081456
4576.432075 1.095859
4631.993853 1.110275
4687.376431 1.124715
4742.579811 1.141203
4797.603994 1.1555469999999999
4852.448982 1.1699389999999998
4907.114759 1.1864439999999998
4961.601348 1.2007849999999998
5015.908749 1.2152419999999997
5070.036969 1.2316609999999997
5123.985952 1.2460329999999997
5177.755743 1.2604319999999998
5231.346346 1.2749209999999997
5284.75776 1.2892849999999998
5337.989942 1.3057359999999998
5391.042942 1.320191
5443.916736 1.3346159999999998
5496.611354 1.3510609999999998
5549.126783 1.3654779999999997
5601.462972 1.3799009999999998
5653.620001 1.3964029999999998
5705.597774 1.4108049999999999
5757.396427 1.425617
5809.015823 1.439771
5860.456018 1.4562389999999998
5911.717014 1.4706629999999998
5962.798856 1.4850339999999997
6013.701475 1.5014799999999997
0.0 0.014501
37.439781 0.030819
102.254088 0.045237
185.621593 0.05962
280.206999 0.076099
380.19593 0.090526
481.195994 0.10506599999999999
580.062762 0.121417
674.687235 0.135968
764.073273 0.15046
848.707589 0.16482100000000002
929.316188 0.18116500000000002
1006.662727 0.19565500000000002
1081.474728 0.21010700000000002
1154.398309 0.224554
1225.97729 0.24087
1296.647599 0.255303
1366.74245 0.272089
1436.503493 0.28619900000000004
1506.095684 0.30052300000000004
1575.622301 0.31491700000000006
1645.139811 0.33133100000000004
1714.669797 0.34565000000000007
1784.211207 0.3600480000000001
1853.747883 0.3744790000000001
1923.255721 0.3910020000000001
1992.707937 0.40546700000000013
2062.077408 0.4198730000000001
2131.339436 0.43433100000000013
2200.472936 0.4507970000000001
2269.460465 0.4652190000000001
2338.288121 0.4816880000000001
2406.945967 0.4961510000000001
2475.426834 0.5105180000000001
2543.726016 0.5249210000000002
2611.840582 0.5393380000000002
2679.769444 0.5558270000000002
2747.512008 0.5701850000000002
2815.068912 0.5846560000000002
2882.440851 0.5990970000000002
2949.628646 0.6155870000000002
3016.633463 0.6300270000000002
3083.45595 0.6464930000000002
3150.097142 0.6609240000000002
3216.557625 0.6753640000000002
3282.838021 0.6897760000000002
3348.938658 0.7042430000000002
3414.860029 0.7207670000000002
3480.602061 0.7353310000000002
3546.165194 0.7516130000000002
3611.549269 0.7660610000000002
3676.754387 0.7804630000000002
3741.780555 0.7949180000000002
3806.627757 0.8113540000000002
3871.295975 0.8257670000000003
3935.785108 0.8403610000000002
4000.095223 0.8550810000000002
4064.226214 0.8699290000000002
4128.177985 0.8886320000000002
4191.950705 0.9012220000000002
4255.544161 0.9156540000000002
4318.958482 0.9300240000000002
4382.193601 0.9451030000000001
4445.249543 0.9598560000000002
4508.126198 0.9759760000000002
4570.823696 0.9904770000000002
4633.342015 1.0048430000000002
4695.681069 1.0212970000000001
4757.840988 1.035733
4819.821642 1.0500180000000001
4881.623117 1.0644470000000001
4943.245327 1.080907
5004.688358 1.09539
5065.952211 1.1098320000000002
5127.036885 1.1261510000000001
5187.942337 1.1406280000000002
5248.66861 1.1550480000000003
5309.215597 1.1695500000000003
5369.583535 1.1858880000000003
5429.772109 1.2003160000000004
5489.781614 1.2147150000000004
5549.611864 1.2290330000000005
5609.262859 1.2456160000000005
5668.734774 1.2599700000000005
5728.027349 1.2745490000000004
5787.140846 1.2909530000000005
5846.075089 1.3052630000000005
5904.830167 1.3216330000000005
5963.406075 1.3361330000000005
6021.802728 1.3506420000000006
6080.02013 1.3653160000000006
6138.058453 1.3799150000000007
6195.917433 1.3964400000000006
6253.597344 1.4113650000000006
6311.097989 1.4259330000000006
6368.419369 1.4407000000000005
6425.5617 1.4555660000000006
6482.524745 1.4700110000000006
6539.308565 1.4865620000000006
6595.913208 1.5009960000000007
