0.000000 0.025262
1172.027734 0.052994
2071.462268 0.079475
2727.292151 0.105805
3177.221839 0.137757
3461.414675 0.166813
3618.395056 0.195450
3682.591215 0.225999
3683.110984 0.260053
3643.389753 0.297546
3581.419746 0.317822
3510.327459 0.346279
3439.125197 0.374713
3373.510531 0.405288
3316.636951 0.433936
3269.800833 0.572563
3233.022621 0.598026
3205.516360 0.624475
3186.049332 0.634758
3173.204116 0.660444
3165.559926 0.684007
3161.806854 0.720641
3160.808255 0.756396
3161.628107 0.793301
3163.530714 0.825310
3165.965562 0.858058
3168.543301 0.884488
3171.006378 0.912729
3173.201176 0.936827
3175.052172 0.967748
3176.539265 0.994357
3177.678398 1.019553
3178.507332 1.047834
3179.074397 1.082524
3179.431360 1.099929
3179.627240 1.125558
3179.705889 1.150199
3179.704141 1.168891
3179.651841 1.204124
3179.571815 1.228960
3179.480721 1.360513
3179.389627 1.376626
3179.306131 1.394786
3179.233732 1.418816
3179.174150 1.434331
3179.127571 1.452874
3179.092748 1.476744
3179.068332 1.503843
3179.052046 1.532226
3179.042355 1.557433
3179.037853 1.585979
3179.036635 1.611163
3179.037853 1.636540
3179.040262 1.666462
3179.043387 1.690651
3179.046670 1.709410
3179.049795 1.724641
3179.052576 1.743438
3179.054985 1.772391
3179.056892 1.803713
3179.058297 1.826319
3179.059329 1.847001
3179.060017 1.870597
3179.060547 1.885151
3179.060706 1.901057
3179.060892 1.929905
3179.060892 1.966026
3179.060706 1.987473
3179.060706 2.021659
3179.060547 2.052783
3179.060361 2.210685
3179.060361 2.253313
3179.060361 2.280017
3179.060017 2.308588
3179.060017 2.341666
3179.060017 2.370988
3179.060017 2.402749
3179.060017 2.430999
3179.060017 2.454687
3179.060017 2.462918
3179.060017 2.496653
3179.060017 2.518063
3179.060017 2.546656
3179.060017 2.574690
3179.060017 2.601084
3179.060017 2.623476
3179.060017 2.634171
3179.060017 2.653794
3179.060017 2.664901
3179.060017 2.680478
3179.060017 2.706809
3179.060017 2.731252
3179.060017 2.743193
3179.060017 2.772994
3179.060017 2.809379
3179.060017 2.826106
3179.060017 2.966671
3179.060017 2.983347
3179.060017 2.999467
3179.060017 3.024321
