0.000000 0.025218
6.784555 0.055434
23.535121 0.077290
48.793192 0.098015
76.521349 0.120755
105.423627 0.148025
134.548284 0.177048
163.313030 0.204522
191.365653 0.235850
218.526560 0.262511
244.739032 0.292394
270.028760 0.316504
294.471116 0.343873
318.166834 0.368446
341.224945 0.396384
363.750675 0.418450
385.838726 0.444548
407.569408 0.469114
429.007721 0.498105
450.203723 0.524686
471.194090 0.558015
492.004061 0.713858
512.649827 0.735319
533.140307 0.765750
553.479337 0.797452
573.667062 0.827559
593.701449 0.839125
613.579271 0.857310
633.296416 0.868874
652.849135 0.904936
672.233646 0.922782
691.446920 0.944638
710.486257 0.971748
729.349590 0.994676
748.035461 1.021760
766.542580 1.047173
784.870395 1.068932
803.018313 1.092512
820.986224 1.120159
838.774016 1.144556
856.381596 1.171357
873.809352 1.189338
891.057101 1.214511
908.125169 1.244289
925.013735 1.271782
941.722796 1.298263
958.252381 1.324486
974.602623 1.351600
990.773728 1.513511
1006.765606 1.528466
1022.578374 1.544405
1038.211911 1.563490
1053.666334 1.577808
1068.941626 1.592013
1084.037682 1.614041
1098.954740 1.627067
1113.692558 1.648791
1128.251345 1.675325
1142.630889 1.701583
1156.831295 1.725829
1170.852457 1.749103
1184.694479 1.772943
1198.357390 1.797636
1211.841024 1.822827
1225.145514 1.844234
1238.270861 1.851802
1251.216958 1.880751
1263.983911 1.917789
1276.571613 1.952970
1288.980169 1.984722
1301.209578 2.015783
1313.259736 2.039287
1325.130745 2.062057
1336.822471 2.086570
1348.335079 2.105592
1359.668538 2.115584
1370.822817 2.135499
1381.797872 2.248625
1392.593673 2.267148
1403.210292 2.279275
1413.647791 2.304409
1423.906108 2.331911
1433.985201 2.358393
1443.885142 2.386132
1453.605795 2.408331
1463.147296 2.432375
1472.509676 2.455367
1481.692768 2.477425
1490.696707 2.492209
1499.521419 2.512010
1508.166947 2.537369
1516.633323 2.565269
1524.920439 2.592887
1533.028434 2.620705
1540.957244 2.646893
1548.706795 2.672946
1556.277160 2.694745
1563.668298 2.721432
1570.880282 2.743514
1577.913112 2.769026
