0.000000 0.029833
22.543308 0.055319
50.131721 0.087682
81.469537 0.095509
112.139429 0.107684
141.602093 0.123093
169.537856 0.145729
195.916219 0.173999
220.824252 0.194988
244.417296 0.221850
266.882299 0.246787
288.411989 0.414004
309.188120 0.435145
329.371205 0.461166
349.095995 0.486932
368.470084 0.498132
387.575806 0.524923
406.472537 0.546169
425.200422 0.571345
443.784679 0.597521
462.238377 0.631392
480.566390 0.673305
498.767739 0.697597
516.837743 0.729718
534.769797 0.752159
552.556660 0.777181
570.191171 0.804279
587.666796 0.833327
604.977832 0.856941
622.119582 0.880609
639.088556 0.907240
655.881851 0.933255
672.497667 0.959008
688.934542 0.969550
705.191728 0.991418
721.268868 1.027346
737.165789 1.044281
752.882497 1.184832
768.419183 1.211450
783.775922 1.223335
798.953055 1.249281
813.950725 1.282492
828.769132 1.321301
843.408425 1.337673
857.868661 1.366183
872.149934 1.399292
886.252396 1.422489
900.175907 1.457312
913.920623 1.489326
927.486585 1.512306
940.873627 1.526264
954.081852 1.547278
967.111156 1.575075
979.961496 1.602648
992.633007 1.629869
1005.125528 1.659828
1017.439080 1.681325
1029.573650 1.714111
1041.529319 1.736049
1053.305840 1.772908
1064.903472 1.797935
1076.321970 1.819942
1087.561415 1.850794
1098.621801 1.984614
1109.503150 2.001083
1120.205457 2.016498
1130.728685 2.031257
1141.072830 2.058314
1151.237917 2.068615
1161.223941 2.095945
1171.030866 2.127861
1180.658689 2.157712
1190.107318 2.184727
1199.376986 2.210066
1208.467540 2.235121
1217.378858 2.262046
1226.111205 2.299015
1234.664459 2.321190
1243.038468 2.346092
1251.233466 2.372803
1259.249245 2.405905
1267.086039 2.437919
1274.743696 2.459284
1282.222097 2.489300
1289.521387 2.524716
1296.641534 2.555976
1303.582686 2.592717
1310.344572 2.621058
1316.927342 2.653343
1323.330992 2.795302
1329.555578 2.810398
1335.600955 2.825826
1341.467177 2.849594
1347.154244 2.876351
1352.662184 2.891072
1357.990967 2.912439
1363.140621 2.943294
1368.111115 2.972340
1372.902479 3.004147
1377.514680 3.030902
