0.000000 0.023065
1046.574718 0.049333
1849.720416 0.057300
2435.340472 0.084924
2837.103000 0.115020
3090.871453 0.150097
3231.046300 0.179347
3288.370009 0.187227
3288.834201 0.213244
3253.365353 0.247885
3198.029474 0.270874
3134.548198 0.295282
3070.968386 0.319066
3012.377982 0.351380
2961.593240 0.364271
2919.770962 0.387364
2886.930044 0.417875
2862.368459 0.426301
2844.985337 0.450954
2833.515404 0.481601
2826.689576 0.490456
2823.338210 0.521052
2822.446678 0.552631
2823.178593 0.685340
2824.877593 0.707830
2827.051839 0.737149
2829.353602 0.762417
2831.552890 0.772621
2833.512618 0.804311
2835.165529 0.827483
2836.493575 0.855955
2837.510595 0.889766
2838.250868 0.918030
2838.757334 0.945355
2839.075961 0.976858
2839.250779 1.002928
2839.321154 1.033858
2839.319459 1.059277
2839.272764 1.087978
2839.201510 1.124092
2839.119931 1.150044
2839.038775 1.177078
2838.963979 1.204681
2838.899448 1.214469
2838.846303 1.241584
2838.804635 1.270547
2838.773626 1.297625
2894.444215 1.329869
2939.634450 1.360891
2968.603767 1.494219
2988.552515 1.524596
3001.048517 1.557570
3007.746952 1.590127
3010.202518 1.607456
3009.763942 1.627077
3007.528329 1.647270
3004.337961 1.660244
2771.549076 1.679402
2750.259001 1.711202
2824.044647 1.736576
2914.903534 1.746174
2987.158890 1.769453
3021.387132 1.806950
3010.235465 1.836890
2959.257062 1.867855
2878.484954 1.895754
2790.359898 1.921979
2711.084355 1.946779
2638.806661 1.972507
2574.324275 1.999002
2527.959313 2.023294
2480.885122 2.056603
2443.110071 2.083388
2404.858882 2.119547
2373.984473 2.158644
2335.350194 2.176445
2303.698716 2.304071
2284.519270 2.328011
2274.402133 2.358073
2270.662450 2.375738
2271.206323 2.391804
2274.420858 2.415856
2279.088797 2.431788
2284.324203 2.453111
2289.514874 2.478191
2294.270214 2.499821
2298.374438 2.523587
2301.739578 2.534530
2304.368912 2.556726
2306.322330 2.588980
2307.692325 2.616345
2308.583948 2.638740
2309.102210 2.671890
2309.343485 2.700675
2309.390331 2.725308
2309.310862 2.744683
2309.157957 2.774185
2308.970904 2.798585
2308.777083 2.822622
2308.594549 2.843565
0.000000 0.027078
79.929432 0.059322
144.411878 0.090344
195.958213 0.223672
232.057909 0.254049
255.414204 0.287023
268.833025 0.319580
274.896806 0.336909
275.828260 0.356530
273.441624 0.376723
269.147747 0.389697
972.048841 0.408855
1591.363057 0.440655
2047.002133 0.466029
2359.988496 0.475627
2557.422890 0.498906
2660.216929 0.536403
2678.568517 0.566343
2631.447248 0.597308
2541.978741 0.625207
2430.640860 0.651432
2317.543648 0.676232
2210.080301 0.701960
2111.902021 0.728455
2036.542249 0.752747
1960.582056 0.786056
1890.385966 0.812841
1818.352903 0.849000
1762.959304 0.888097
1701.145437 0.905898
1654.567982 1.033524
1626.629002 1.057464
1612.474657 1.087526
1608.049922 1.105191
1610.088451 1.121257
1616.047177 1.145309
1624.019637 1.161241
1632.641925 1.182564
1640.997267 1.207644
1648.523768 1.229274
1654.930096 1.253040
1660.119354 1.263983
1664.126933 1.286179
1667.068761 1.318433
1669.103101 1.345798
1670.402289 1.368193
1671.133779 1.401343
1671.448622 1.430128
1671.475253 1.454761
1671.317902 1.474136
1671.056824 1.503638
1670.751105 1.528038
1670.441436 1.552075
1670.153962 1.573018
1669.903240 1.597970
1669.695696 1.623064
1669.531894 1.630979
1669.408818 1.677340
1669.321066 1.827848
1669.262641 1.854825
1669.227443 1.863964
1670.296876 1.888414
1672.464074 1.916294
1675.073336 1.947905
1677.793684 1.976122
1680.541460 2.010118
1683.257790 2.034850
1685.903889 2.050039
1688.456945 2.068586
1690.906705 2.098556
1693.251807 2.129376
1695.496639 2.158312
1697.649122 2.183598
1699.718630 2.208942
1701.715062 2.244041
1703.647071 2.277068
1705.522428 2.309440
1707.347261 2.349242
1709.125762 2.378258
1710.861202 2.407347
1712.555265 2.436285
1714.208508 2.468535
1715.820776 2.507125
1717.391108 2.683870
1718.918278 2.707979
1720.400765 2.725242
1721.836834 2.748622
1723.224936 2.783255
1724.563141 2.824356
1725.849963 2.869828
1727.083851 2.887372
1728.263456 2.925126
1692.139316 2.958128
1660.108515 2.968919
1632.346054 2.997315
1609.879926 3.028217
1591.962653 3.033680
1577.797099 3.059106
1566.587300 3.086138
1557.612814 3.103604
0.000000 0.010943
4.790815 0.033139
8.315731 0.065393
10.761512 0.092758
12.331667 0.115153
13.224348 0.148303
13.618566 0.177088
13.666553 0.201721
13.492328 0.221096
13.191577 0.250598
12.834933 0.274998
12.471233 0.299035
12.132118 0.319978
11.835240 0.344930
11.588784 0.370024
11.393676 0.377939
11.246687 0.424300
11.141419 0.574808
11.070981 0.601785
11.028275 0.610924
13.962080 0.635374
20.529230 0.663254
29.083437 0.694865
38.460509 0.723082
48.173096 0.757078
57.887138 0.781810
67.384061 0.796999
76.531949 0.815546
85.262854 0.845516
93.554324 0.876336
101.413140 0.905272
108.864127 0.930558
115.941407 0.955902
122.682677 0.991001
129.123635 1.024028
135.297318 1.056400
141.231284 1.096202
146.947587 1.125218
152.463883 1.154307
157.792713 1.183245
162.942699 1.215495
167.919507 1.254085
172.725840 1.430830
177.363172 1.454939
181.831478 1.472202
186.130005 1.495582
190.257722 1.530215
194.212890 1.571316
197.994232 1.616788
201.600491 1.634332
205.030392 1.672086
177.413134 1.705088
157.370296 1.715879
144.983820 1.744275
139.281718 1.775177
137.962862 1.780640
139.083128 1.806066
141.346384 1.833098
144.034235 1.850564
146.813187 1.872598
149.567241 1.900058
152.286819 1.932554
155.005512 1.971025
157.766283 1.999704
160.605798 2.032540
163.549161 2.172244
166.607806 2.189204
169.781082 2.203927
173.058477 2.228302
176.422471 2.238203
179.850514 2.264021
183.317823 2.288111
186.799372 2.309877
190.270704 2.324087
193.709827 2.346230
197.097007 2.372954
200.415365 2.398671
203.650836 2.422680
206.791749 2.448166
209.828836 2.474491
212.754615 2.495656
215.563046 2.521848
218.249607 2.533473
220.810443 2.559902
223.242369 2.584378
225.543014 2.596277
227.710063 2.622371
229.741518 2.650477
231.635775 2.676700
233.391235 2.705968
235.006513 2.730860
236.480179 2.758577
237.810936 2.781928
238.997858 2.789900
240.039884 2.806978
240.936046 2.945833
241.685437 2.963442
242.287718 2.978659
242.742072 3.002053
243.048235 3.019042
0.000000 0.024450
7.193825 0.052330
16.142704 0.083941
25.769498 0.112158
35.651162 0.146154
45.486133 0.170886
55.073248 0.186075
64.290579 0.204622
73.076254 0.234592
81.411746 0.265412
89.306486 0.294348
96.787154 0.319634
103.889228 0.344978
110.651406 0.380077
117.110163 0.413104
123.299133 0.445476
129.246333 0.485278
134.974199 0.514294
140.500674 0.543383
145.838529 0.572321
150.996577 0.604571
155.980631 0.643161
160.793512 0.819906
165.436791 0.844015
169.910518 0.861278
174.214004 0.884658
178.346265 0.919291
182.305607 0.960392
186.090786 1.005864
189.700576 1.023408
193.133722 1.061162
166.832306 1.094164
148.653499 1.104955
138.563211 1.133351
135.153240 1.164253
135.828756 1.169716
138.537793 1.195142
142.014862 1.222174
145.622419 1.239640
149.109271 1.261674
152.426253 1.289134
155.613230 1.321630
158.738192 1.360101
161.866876 1.388780
165.049999 1.421616
168.320574 1.561320
171.693820 1.578280
175.170226 1.593003
178.738986 1.617378
182.381667 1.627279
186.074632 1.653097
189.792251 1.677187
193.508923 1.698953
197.199998 1.713163
200.843619 1.735306
204.420415 1.762030
207.914137 1.787747
211.311457 1.811756
214.601472 1.837242
217.775782 1.863567
220.827717 1.884732
223.752030 1.910924
226.544961 1.922549
229.203344 1.948978
231.724626 1.973454
234.106999 1.985353
236.348667 2.011447
238.448085 2.039553
240.404051 2.065776
242.215321 2.095044
243.880821 2.119936
245.399395 2.147653
246.769977 2.171004
247.991852 2.178976
249.064137 2.196054
249.986003 2.334909
250.756673 2.352518
251.375912 2.367735
251.842977 2.391129
252.157663 2.408118
252.319795 2.426082
252.366659 2.452139
252.345924 2.463122
252.292878 2.497057
252.232677 2.518686
252.181479 2.551212
252.148937 2.577528
252.139512 2.611982
252.154297 2.637524
252.192234 2.657776
252.250281 2.693968
252.325428 2.716039
252.414274 2.745916
262.155163 2.756590
292.945007 2.810848
339.501837 2.841090
393.476187 2.856928
451.769652 2.879973
511.275366 2.898861
569.833301 2.922943
0.000000 0.029877
11.335602 0.040551
41.803295 0.094809
88.089780 0.125051
141.777241 0.140889
199.842979 0.163934
259.197139 0.182822
317.661231 0.206904
373.769353 0.230686
427.199174 0.256766
478.095258 0.283339
526.738683 0.314428
573.472436 0.461859
618.651474 0.479348
662.609511 0.492372
705.640093 0.517774
747.988132 0.530709
789.848190 0.547311
831.367822 0.580318
872.653039 0.601078
913.774798 0.637134
954.777147 0.660772
995.682673 0.686851
1036.499613 0.702084
1077.225471 0.718694
1117.852036 0.728360
1158.367605 0.783810
1198.759155 0.803651
1239.014707 0.845526
1279.122737 0.865007
1319.073487 0.889209
1358.859469 0.916401
1398.474192 0.934430
1437.913345 0.952512
1477.173976 0.977587
1516.253813 1.007516
1555.151858 1.031224
1593.867565 1.061400
1632.400978 1.091206
1670.752094 1.117538
1708.921368 1.249022
1746.909342 1.265933
1784.716243 1.290332
1822.342797 1.303874
1859.789091 1.323197
1897.055537 1.351635
1934.142404 1.378141
1971.049964 1.400079
2007.778172 1.422277
2044.327345 1.452936
2080.697209 1.479951
2116.888220 1.510943
2152.899922 1.546824
2188.732813 1.578320
2224.386351 1.608957
2259.860852 1.641910
2295.156269 1.668614
2330.272604 1.692874
2365.209628 1.723139
2399.967570 1.753993
2434.546427 1.779894
2468.946019 1.788346
2503.166254 1.810281
2537.207406 1.821477
2571.069474 1.841320
2604.752230 1.866117
2638.255902 1.880817
2671.580262 1.894562
2704.725310 1.905471
2737.691501 2.057457
2770.478153 2.079840
2803.085719 2.091144
2835.514201 2.115451
2867.763370 2.145594
2888.009564 2.188234
2899.069523 2.217766
2903.451011 2.229067
2903.268546 2.256302
2670.036155 2.281186
2500.735173 2.304992
2383.415333 2.321972
2305.865132 2.337623
2261.407493 2.363136
2239.134840 2.388712
2228.326776 2.419097
2226.829353 2.434898
2231.288450 2.478967
2239.215369 2.513033
2248.778438 2.529705
2258.671916 2.555419
2268.018741 2.584408
2276.288393 2.603721
2283.219750 2.628740
2288.748484 2.648691
2292.945434 2.674704
2295.961631 2.699508
2297.988350 2.851592
2299.226754 2.868128
2299.867560 2.888811
2300.079456 2.901947
0.000000 0.025019
10.014902 0.044970
17.577299 0.070983
22.990275 0.095787
26.616214 0.247871
28.826028 0.264407
29.966033 0.285090
30.340014 0.298226
30.201018 0.324181
29.748903 0.331705
29.135214 0.351375
28.468235 0.367028
27.820678 0.380922
27.236644 0.406017
26.739304 0.431135
26.335961 0.447261
26.024441 0.463935
25.795174 0.487662
25.636349 0.517715
25.534638 0.553439
25.476775 0.582307
25.451515 0.598022
25.448679 0.615201
25.460195 0.636692
25.479804 0.649327
25.503292 0.666315
25.527031 0.694085
25.549205 0.718814
25.568521 0.759187
25.584458 0.782916
25.597246 0.792951
25.606882 0.813813
25.613662 0.839730
25.618126 0.866712
25.620962 0.878718
25.622298 0.892601
25.622798 1.003236
25.622548 1.021633
25.622005 1.050724
25.621234 1.063428
25.620441 1.082129
25.619648 1.105194
25.618876 1.133324
25.618105 1.167253
25.617583 1.188677
25.617312 1.215155
25.617040 1.242259
25.616790 1.273537
25.616769 1.299983
25.616540 1.314040
25.616540 1.335747
25.616540 1.361753
25.616540 1.386980
25.616540 1.394219
25.616540 1.423638
25.616769 1.450070
25.616790 1.476691
25.616790 1.511755
25.616790 1.517754
25.616790 1.543545
25.616790 1.551343
25.616790 1.580227
25.616790 1.630552
25.616790 1.667155
25.616790 1.698911
25.616790 1.854765
25.616790 1.864834
25.616790 1.889067
25.616790 1.900216
25.616790 1.924853
25.616790 1.949587
25.616790 1.975031
25.616790 1.986879
25.616790 2.011890
25.616790 2.042891
25.616790 2.052956
25.616790 2.073057
25.616790 2.097725
25.616790 2.125316
25.616790 2.154521
25.616790 2.175331
25.616790 2.207325
25.616790 2.235676
25.616790 2.262599
25.616790 2.300741
25.616790 2.328021
25.616790 2.359100
25.616790 2.397327
25.616790 2.433172
25.616790 2.467035
25.616790 2.511024
25.616790 2.653044
25.616790 2.679157
25.616790 2.687098
25.616790 2.716290
25.616790 2.743226
25.616790 2.754069
25.616790 2.773008
25.616790 2.800090
25.616790 2.834161
0.000000 0.132442
3.472315 0.149503
6.004149 0.176284
7.741085 0.183512
8.838156 0.214654
14.278936 0.243363
66.953659 0.264482
178.734237 0.304656
327.719206 0.328067
437.261456 0.359157
513.195843 0.385336
561.879150 0.412148
589.490037 0.438768
940.224400 0.461323
1205.797515 0.484518
1400.172982 0.513914
1528.673756 0.537487
1605.329602 0.566863
1643.144980 0.591402
1653.426535 0.617926
1645.504264 0.646039
1626.717837 0.670804
1602.564829 0.697249
1576.942903 0.724017
1552.429824 0.735551
1530.564354 0.760788
1512.108191 0.790402
1497.270789 0.915255
1485.896863 0.944417
1477.613139 0.956290
1471.938505 0.975510
1468.361757 1.003237
1466.393780 1.030672
1465.597817 1.062391
1465.604960 1.097387
1466.118278 1.121502
1466.910688 1.155474
1467.816364 1.161726
1468.721179 1.192715
1469.554161 1.228932
1470.275042 1.260526
1470.868085 1.293413
1471.333525 1.332389
1471.681155 1.369325
1471.926868 1.402967
1472.088727 1.438094
1472.184673 1.475841
1472.231647 1.514009
1472.243575 1.556387
1472.232702 1.589648
1472.003265 2.171119
1472.003265 2.208079
1472.003987 2.236134
1472.004990 2.246496
1472.006194 2.269882
1472.007198 2.295175
1474.835227 2.318556
1485.169179 2.347329
1500.787416 2.374159
1519.815067 2.389284
1540.782669 2.493849
1562.762164 2.511087
1585.091415 2.535904
1607.310789 2.548287
1629.125583 2.567655
1650.367959 2.595154
1670.964029 2.622080
1690.905669 2.642304
1710.226249 2.674221
1728.982438 2.688268
1747.242408 2.706462
1765.074392 2.735804
1782.542872 2.760599
1799.704031 2.801012
1816.604107 2.833070
1833.279449 2.862684
1849.758033 2.890584
1866.059101 2.902554
1882.195660 2.931853
1898.175233 2.963192
1914.002075 2.993640
1929.676581 3.027442
1945.197944 3.061631
1960.564450 3.088762
1975.773159 3.098678
1990.821187 3.130614
2005.706097 3.167880
2020.425484 3.319749
2034.976975 3.339864
2049.359108 3.383351
2063.570256 3.405893
2077.609459 3.413608
2091.476057 3.444107
2105.169393 3.471932
2118.689022 3.498783
2132.034769 3.525596
2145.206467 3.556340
2158.203975 3.587631
2171.027121 3.625203
2183.675999 3.632574
0.000000 0.029614
14.852567 0.154467
26.241044 0.183629
34.537913 0.195502
40.223858 0.214722
43.809907 0.242449
45.785220 0.269884
46.586715 0.301603
46.583563 0.336599
46.072933 0.360714
45.282177 0.394686
44.377384 0.400938
43.472880 0.431927
42.639816 0.468144
41.918607 0.499738
41.325097 0.532625
40.859145 0.571601
40.511021 0.608537
40.264844 0.642179
40.102597 0.677306
40.006332 0.715053
39.959105 0.753221
39.946995 0.795599
39.957741 0.828860
40.187132 1.410331
40.187132 1.447291
40.186419 1.475346
40.185413 1.485708
40.184225 1.509094
40.183218 1.534387
37.417841 1.557768
27.588711 1.586541
15.106570 1.613371
16.817851 1.628496
35.182805 1.733061
56.958704 1.750299
79.587961 1.775116
102.267924 1.787499
124.597364 1.806867
146.365860 1.834366
167.480555 1.861292
187.924808 1.881516
207.728894 1.913433
226.949078 1.927480
245.654287 1.945674
263.914347 1.975016
281.795214 1.999811
299.354649 2.040224
316.640323 2.072282
333.689664 2.101896
350.531675 2.129796
367.186266 2.141766
383.667063 2.171065
399.982085 2.202404
416.135863 2.232852
432.129066 2.266654
447.961169 2.300843
463.630625 2.327974
479.134716 2.337890
494.470671 2.369826
509.636269 2.407092
524.629264 2.558961
539.447386 2.579076
554.089426 2.622563
568.553849 2.645105
582.839934 2.652820
596.947150 2.683319
610.874968 2.711144
624.623159 2.737995
638.191710 2.764808
651.580609 2.795552
664.789819 2.826843
677.819356 2.864415
690.669457 2.871786
703.340084 2.907906
715.831260 2.931813
728.143219 2.952482
740.275957 2.981448
752.229468 3.007831
764.003989 3.016837
775.599246 3.040810
787.015291 3.053437
798.252306 3.065591
809.310101 3.100193
820.188861 3.127124
830.888609 3.148563
842.172570 3.156849
854.135641 3.184711
866.554918 3.209827
879.239815 3.351535
1118.513091 3.959732
1127.178565 3.999596
1135.667101 4.044823
1143.978015 4.217812
1152.111521 4.238729
1160.066888 4.271960
1167.843894 4.282528
1175.442292 4.316874
1182.862274 4.343390
1190.103180 4.365875
0.000000 0.023381
10.660445 0.052154
26.778572 0.078984
46.417966 0.094109
68.056911 0.198674
90.730511 0.215912
113.751733 0.240729
136.645071 0.253112
159.106457 0.272480
180.963702 0.299979
202.141854 0.326905
222.633707 0.347129
242.474877 0.379046
261.724856 0.393093
280.454650 0.411287
298.735410 0.440629
316.634038 0.465424
334.208929 0.505837
351.508205 0.537895
368.569639 0.567509
385.422477 0.595409
402.086833 0.607379
418.576478 0.636678
434.899549 0.668017
451.060686 0.698465
467.060641 0.732267
482.898952 0.766456
498.574137 0.793587
514.083522 0.803503
529.424387 0.835439
544.594546 0.872705
559.591788 1.024574
574.413878 1.044689
589.059625 1.088176
603.527524 1.110718
617.816869 1.118433
631.927151 1.148932
645.857860 1.176757
659.608777 1.203608
673.179902 1.230421
686.571235 1.261165
699.782751 1.292456
712.814475 1.330028
725.666650 1.337399
738.339252 1.373519
750.832304 1.397426
763.146051 1.418095
775.280490 1.447061
787.235623 1.473444
799.011693 1.482450
810.608433 1.506423
822.025889 1.519050
833.264259 1.531204
844.323346 1.565806
855.203346 1.592737
865.904282 1.614176
877.190748 1.622462
889.157705 1.650324
901.581774 1.675440
914.271995 1.817148
1153.626716 2.425345
1162.294350 2.465209
1170.784974 2.510436
1179.097903 2.683425
1187.233354 2.704342
1195.190599 2.737573
1202.969415 2.748141
1210.569557 2.782487
1217.991224 2.809003
1225.233750 2.831488
1232.297335 2.859492
1239.181491 2.899943
1243.437305 2.924770
1244.805918 2.959920
1244.266895 2.992471
1242.486520 3.025650
1239.997319 3.052692
1237.205249 3.079797
1234.404074 3.120516
1231.793318 3.145498
1229.497283 3.169755
1227.806988 3.182978
1226.633603 3.199518
1225.879580 3.242918
1225.450545 3.272546
1225.260259 3.300122
1225.236346 3.433135
209.871426 3.453460
1100.735457 3.478257
1820.415008 3.509647
2316.481096 3.536804
2630.180779 3.545497
2803.496528 3.570719
2874.326823 3.578495
2874.805876 3.607598
2830.832098 3.630091
2762.294812 3.649573
2683.703477 3.663567
2605.015508 3.683371
2532.522609 3.720645
