0.000000 0.020000
14.682573 0.054073
25.596796 0.182758
38.732097 0.200215
54.791774 0.224726
73.012023 0.231773
92.574158 0.258494
112.802884 0.282439
133.193976 0.305327
153.402481 0.348394
173.215125 0.370414
192.519542 0.396814
211.275958 0.426437
229.493031 0.456024
247.208751 0.481638
264.475855 0.509528
281.351662 0.534330
297.891310 0.562365
314.143752 0.592393
330.149723 0.620383
345.941431 0.649176
361.542724 0.674168
376.970283 0.707228
392.234797 0.734133
407.342117 0.765053
422.294641 0.795344
437.092251 0.822790
451.733239 0.851763
466.214956 0.986258
480.534425 1.005474
494.688595 1.031290
508.674613 1.042346
522.489950 1.071133
536.132542 1.095382
549.600558 1.123123
562.892764 1.147232
576.008180 1.163147
588.946018 1.181073
601.705802 1.207065
614.287305 1.233072
626.690308 1.257908
638.914657 1.286992
650.960389 1.309326
662.827546 1.329419
674.516053 1.356699
686.025964 1.386183
697.357398 1.392015
708.510236 1.408905
719.484547 1.427503
730.280342 1.459320
740.897639 1.491157
751.336334 1.522084
761.596512 1.554901
771.678077 1.584590
781.580997 1.611112
791.305243 1.639387
800.850849 1.794185
810.217788 1.817537
819.405916 1.832398
828.415334 1.860822
837.245959 1.890743
845.897773 1.916507
854.370759 1.943380
862.664899 1.971473
870.780180 1.996348
878.716647 2.018398
886.474165 2.042459
894.052782 2.070428
901.452488 2.099509
908.673269 2.124292
915.715117 2.148925
922.578021 2.176311
929.261973 2.196990
935.766962 2.225152
942.092983 2.254248
948.240025 2.280053
954.208084 2.298403
959.997151 2.334821
965.607220 2.353583
971.038225 2.395113
976.290281 2.423766
981.363323 2.453245
986.257345 2.586315
990.972343 2.602777
995.508311 2.622687
999.865247 2.655176
1004.043084 2.687628
1008.041942 2.721024
1011.861756 2.757259
1015.502522 2.789978
1018.964177 2.817190
1022.246840 2.830947
1025.350508 2.853844
1028.274935 2.881764
1031.020423 2.931768
1033.586848 2.957310
1035.974208 2.981865
1038.182502 3.023942
1040.211728 3.054931
1042.061762 3.068390
0.000000 0.024741
19.516674 0.064656
47.073369 0.091107
80.225853 0.208394
113.415183 0.225471
145.836712 0.240077
176.955973 0.264784
206.600741 0.274299
234.765253 0.298012
261.549258 0.326448
287.111140 0.352901
311.633719 0.380961
335.300752 0.411124
358.282117 0.442024
380.725264 0.470130
402.751773 0.500109
424.457403 0.529079
445.913831 0.556554
467.171814 0.587619
488.265096 0.614285
509.213700 0.642385
530.027577 0.672457
550.709584 0.698429
571.257541 0.725483
591.666787 0.759240
611.930931 0.782163
632.043265 0.809309
651.997545 0.837332
671.788014 0.864407
691.409749 0.888394
710.858974 1.027672
730.132692 1.049371
749.228767 1.058978
768.145726 1.087890
786.882480 1.115463
805.438649 1.141932
823.814017 1.168532
842.008469 1.191715
860.022288 1.220479
877.855580 1.247427
895.508561 1.277614
912.981563 1.301031
930.274686 1.329029
947.388211 1.354957
964.322187 1.378946
981.076891 1.405911
997.652202 1.437880
1014.048406 1.466066
1030.265382 1.493645
1046.303243 1.518037
1062.161934 1.548798
1077.841509 1.574147
1093.342020 1.606072
1108.663360 1.633198
1123.805469 1.663073
1138.768460 1.691821
1153.552332 1.834526
1168.156973 1.850388
1182.582440 1.880539
1196.828841 1.909444
1210.895961 1.929983
1224.783848 1.948847
1238.492609 1.977794
1252.022089 2.000746
1265.372500 2.030466
1278.543571 2.055865
1291.535574 2.068285
1304.348295 2.091025
1316.981781 2.120133
1329.436198 2.147006
1341.711273 2.187060
1353.807280 2.214556
1365.724003 2.225242
1377.461598 2.253713
1389.020017 2.280479
1400.399200 2.316311
1411.599099 2.347127
1422.619870 2.379242
1433.461523 2.409210
1444.123881 2.442172
1454.607014 2.484186
1464.911018 2.501157
1475.035785 2.624156
1484.981375 2.642601
1494.747788 2.664948
1504.335024 2.680278
1513.743023 2.699508
1522.971785 2.733983
1532.021370 2.755015
1540.891777 2.781647
1549.583006 2.814415
1558.094999 2.849322
1566.427813 2.870841
1574.581391 2.897135
1582.555897 2.926008
1590.351060 2.949931
1597.967045 2.973004
1605.403851 2.989902
1612.661528 3.010363
1619.739919 3.043847
0.000000 0.148519
15.090000 0.175596
28.902227 0.202166
46.915237 0.230863
67.812693 0.258445
90.516967 0.286707
114.177177 0.314235
138.161190 0.345706
162.023148 0.370152
185.475346 0.398348
208.355914 0.429163
230.596578 0.452246
252.194171 0.481380
273.186672 0.505408
293.635092 0.533649
313.609263 0.554336
333.179317 0.583197
352.408756 0.611403
371.352173 0.637578
390.053506 0.663673
408.546635 0.690150
426.855975 0.717076
444.997640 0.743744
462.981673 0.777797
480.813040 0.807928
498.493020 0.943398
516.020816 0.965525
533.393718 0.992569
550.608395 1.018769
567.661498 1.031835
584.549352 1.056070
601.268850 1.078756
617.817584 1.105024
634.192966 1.136113
650.393513 1.164993
666.417755 1.192185
682.264745 1.222064
697.933830 1.250753
713.424434 1.271959
728.736770 1.297479
743.870062 1.320961
758.824709 1.351082
773.600601 1.379943
788.197686 1.417329
802.616103 1.441030
816.855916 1.473346
830.916915 1.495688
844.799535 1.529416
858.503472 1.559446
872.028914 1.593392
885.375818 1.735068
898.544021 1.751841
911.533488 1.766895
924.344650 1.788698
936.977014 1.800303
949.430554 1.825492
961.705579 1.853768
973.801731 1.882366
985.719114 1.914291
997.457790 1.943869
1009.017658 1.967887
1020.398573 1.998053
1031.600750 2.026924
1042.624047 2.054879
1053.468345 2.080751
1064.133861 2.109685
1074.620477 2.132704
1084.928055 2.160563
1095.056689 2.190667
1105.006494 2.222865
1114.777230 2.247022
1124.369065 2.279040
1133.781990 2.303730
1143.015746 2.328473
1152.070576 2.356495
1160.946525 2.380148
1169.643356 2.407120
1178.161238 2.566218
1186.500042 2.582659
1194.659762 2.599574
1202.640516 2.619286
1210.442299 2.635861
1218.064981 2.651703
1225.508558 2.677100
1232.773149 2.702207
1239.858626 2.728411
1246.765109 2.757071
1253.492470 2.783571
1260.040829 2.809406
1266.410059 2.835695
1272.600281 2.865758
1278.611367 2.896633
1284.443262 2.923578
1290.096191 2.942592
1295.570101 2.969611
1300.864864 2.997242
1305.980477 3.024232
1310.917064 3.052586
1315.674496 3.082222
1320.252898 3.108510
