0.000000 0.028193
10.952052 0.082280
28.965342 0.096045
51.108981 0.114120
75.501550 0.136280
101.074482 0.150091
127.045288 0.173044
152.873771 0.200195
178.215675 0.229144
202.877787 0.257070
226.778232 0.297036
249.911297 0.324056
272.320434 0.349201
294.075947 0.373738
315.259917 0.405154
335.955920 0.432618
356.240581 0.445929
376.181015 0.465883
395.832870 0.497883
415.239702 0.505130
434.434167 0.535973
453.439986 0.565385
472.272470 0.688545
490.940777 0.704629
509.449882 0.729440
527.801182 0.734990
545.993478 0.765289
564.025072 0.793067
581.892907 0.818049
599.594047 0.841327
617.125374 0.861357
634.484793 0.876603
651.669791 0.908597
668.678609 0.935593
685.510095 0.955034
702.162824 0.966899
718.636671 0.988166
734.930672 1.008866
751.045121 1.032620
766.979326 1.040722
782.733767 1.064537
798.308173 1.088673
813.702878 1.109502
828.917820 1.130052
843.953269 1.162790
858.809226 1.195142
873.485753 1.222936
887.983060 1.237325
902.300874 1.264813
916.439530 1.293705
930.398818 1.321686
944.179095 1.338388
957.780212 1.359956
971.202172 1.507820
984.444909 1.539708
997.508488 1.570578
1010.392845 1.608068
1023.098043 1.639874
1035.624081 1.658701
1047.970898 1.692826
1060.138555 1.726398
1072.127053 1.764530
1083.936328 1.807626
1095.566444 1.845577
1107.017338 1.880070
1118.288862 1.911768
1129.381374 1.950730
1140.294726 1.981304
1151.028708 2.011644
1161.583677 2.050356
1171.959277 2.082017
1182.155864 2.112057
1192.173081 2.141426
1202.011076 2.155283
1211.669911 2.318898
1221.149522 2.342587
1230.450184 2.353354
1239.571475 2.376185
1248.513544 2.406387
1257.276452 2.437964
1265.860138 2.466461
1274.264454 2.490530
1282.489819 2.518726
1290.535961 2.533335
1298.402734 2.555839
1306.090493 2.585588
1313.598819 2.613712
1320.928195 2.649317
1328.078201 2.674261
1335.049256 2.695248
1341.840878 2.732473
1348.453277 2.756804
1354.886725 2.766483
1361.140804 2.793957
1367.215659 2.823582
1373.111354 2.832254
1378.827826 2.866851
1384.365137 2.891472
1389.723288 2.917596
1394.902216 2.925605
0.000000 0.031876
13.310497 0.089398
35.501456 0.105415
63.039353 0.127683
93.276385 0.164040
124.720197 0.197898
156.475639 0.226992
187.937688 0.255948
218.733823 0.264978
248.666859 0.287930
277.666916 0.300896
305.749328 0.332179
332.982777 0.365931
359.463557 0.394396
385.298367 0.428173
410.591225 0.577529
435.436933 0.600832
459.916292 0.618741
484.095730 0.626663
508.026477 0.651885
531.746352 0.688676
555.281806 0.720830
578.649843 0.761733
601.860789 0.800768
624.918676 0.827297
647.824421 0.855109
670.576252 0.883799
693.171285 0.897859
715.605603 0.919064
737.875658 0.946773
759.977572 0.983384
781.908556 1.015169
803.665549 1.049056
825.246855 1.081990
846.650717 1.127011
867.875985 1.164639
888.921625 1.198731
909.787671 1.338008
930.473638 1.363112
950.979465 1.373984
971.304996 1.393257
991.450599 1.403332
1011.416332 1.424665
1031.202195 1.453453
1050.808459 1.478396
1070.235125 1.508740
1089.482405 1.526486
1108.550417 1.552697
1127.439103 1.559397
1146.148520 1.586403
1164.678550 1.616575
1183.029584 1.625370
1201.201562 1.657294
1219.194425 1.679699
1237.007805 1.709569
1254.642129 1.729663
1272.097396 1.755819
1289.373546 1.787342
1306.470274 1.824537
1323.388097 1.860131
1340.126437 1.892018
1356.685873 1.924108
1373.065885 1.963178
1389.266993 2.016676
1405.288616 2.200366
1421.131123 2.215925
1436.794358 2.239441
1452.278535 2.250439
1467.583381 2.270831
1482.709229 2.304162
1497.655745 2.335099
1512.422930 2.369756
1527.011330 2.403338
1541.420185 2.437305
1555.649982 2.467966
1569.700447 2.508122
1583.571641 2.542152
1597.263775 2.588594
1610.776851 2.600116
1624.110595 2.625095
1637.265068 2.660371
1650.240481 2.674303
1663.036562 2.709518
1675.653372 2.733157
1688.091335 2.776112
1700.349754 2.814141
1712.429113 2.962849
1724.329200 2.983936
1736.050228 2.993936
1747.591924 3.013819
1758.954560 3.043958
1770.137925 3.084604
1781.141957 3.092290
1791.966989 3.114759
1802.612630 3.144057
1813.079271 3.155897
1823.366580 3.185910
1833.474616 3.212006
1843.403806 3.224883
1853.153451 3.258480
0.000000 0.037462
15.666764 0.109491
42.019985 0.140510
74.903969 0.172322
111.224233 0.210267
148.769731 0.246875
186.481098 0.404492
223.697224 0.423142
260.025868 0.435146
295.275524 0.464862
329.396762 0.495923
362.433424 0.529708
394.485201 0.556669
425.678858 0.570747
456.148495 0.598115
486.022205 0.628139
515.413702 0.660932
544.418904 0.687335
573.114896 0.727682
601.560888 0.768197
629.799472 0.801110
657.860086 0.838384
685.761034 0.869509
713.512666 0.892120
741.118559 0.908136
768.578994 0.934972
795.890957 0.962086
823.050440 0.994602
850.052649 1.023729
876.892521 1.202047
903.566236 1.226182
930.069581 1.236496
956.399769 1.259615
982.554436 1.286448
1008.531459 1.304651
1034.329626 1.323546
1059.948270 1.348147
1085.386784 1.358506
1110.645048 1.387936
1135.722906 1.411220
1160.620298 1.423290
1185.337648 1.450588
1209.874742 1.472284
1234.232125 1.490661
1258.409796 1.519750
1282.407814 1.542739
1306.226331 1.574769
1329.865620 1.601609
1353.325586 1.618675
1376.606322 1.637712
1399.707676 1.659405
1422.630131 1.686497
1445.373354 1.711923
1467.937314 1.719829
1490.322254 1.749966
1512.528082 1.779241
1534.554737 1.811577
1556.402007 1.842487
1578.070377 1.989431
1599.559360 2.008119
1620.869383 2.024693
1642.000019 2.049655
1662.951481 2.064649
1683.723829 2.088735
1704.316943 2.120729
1724.730942 2.138291
1744.965554 2.152539
1765.021203 2.176446
1784.897526 2.191536
1804.594613 2.208060
1824.112372 2.238111
1843.451169 2.265892
1862.610790 2.275664
1881.591023 2.300557
1900.392324 2.321796
1919.014235 2.346771
1937.456972 2.374067
1955.720350 2.386298
1973.804764 2.409549
1991.709820 2.430077
2009.435882 2.459693
2026.982586 2.486135
2044.350143 2.500237
2061.538312 2.521522
2078.547517 2.545207
2095.377545 2.557010
2112.028427 2.578545
2128.499920 2.606531
2144.792236 2.638033
2160.905406 2.753867
2176.839400 2.779164
2192.594110 2.786784
2208.169674 2.815437
2223.566061 2.843358
2238.783195 2.853965
2253.821122 2.891246
2268.679902 2.911287
2283.359535 2.947769
2297.859855 2.977682
2312.181029 2.988263
0.000000 0.021066
18.028301 0.073203
48.544055 0.083213
86.828858 0.104197
129.294691 0.127426
173.263135 0.149000
217.173884 0.161964
260.318776 0.185519
302.297662 0.201804
342.936102 0.212070
382.215964 0.229144
420.219761 0.248209
457.085995 0.273858
492.978882 0.302913
528.064663 0.325139
562.498541 0.339105
596.415700 0.360209
629.928386 0.387157
663.125862 0.414058
696.074524 0.439496
728.822352 0.461598
761.401236 0.574558
793.830393 0.590543
826.119789 0.605580
858.272611 0.626311
890.287423 0.650647
922.159883 0.675663
953.884624 0.685808
985.455462 0.707525
1016.866791 0.729932
1048.113366 0.756825
1079.190492 0.768704
1110.094893 0.785162
1140.823661 0.800489
1171.374823 0.811104
1201.746832 0.835214
1231.939141 0.857510
1261.950808 0.867716
1291.781983 0.887621
1321.432179 0.909868
1350.902090 0.915693
1380.191443 0.933984
1409.300569 0.960141
1438.229891 0.987395
1466.979468 0.997557
1495.549148 1.010679
1523.939505 1.032964
1552.150598 1.058801
1580.182337 1.066483
1608.034871 1.093770
1635.707990 1.113594
1663.202386 1.143910
1690.517365 1.165693
1717.653137 1.177740
1744.610036 1.194830
1771.387666 1.228218
1797.986210 1.255847
1824.405546 1.413075
1850.645673 1.431094
1876.706410 1.448541
1902.588179 1.461810
1928.290769 1.486297
1953.814180 1.496149
1979.158380 1.518187
2004.323431 1.539779
2029.309271 1.547158
2054.115930 1.575247
2078.743379 1.605553
2103.191677 1.631226
2127.460763 1.660467
2151.550668 1.693529
2175.461286 1.724902
2199.192692 1.752351
2222.745022 1.781729
2246.118065 1.814076
2269.311895 1.847498
2292.326574 1.879648
2315.162040 1.912275
2337.818218 1.945542
2360.295288 1.974720
2382.593207 2.008308
2404.711807 2.037196
2426.651330 2.066053
2448.411564 2.204824
2469.992691 2.227251
2491.394529 2.241517
2512.617184 2.268572
2533.660657 2.302622
2554.525021 2.340188
2575.210096 2.371145
2595.715882 2.402775
2616.042591 2.435574
2636.190116 2.465398
2656.158427 2.495106
2675.947524 2.525993
2695.557363 2.552672
2714.988124 2.583806
2734.239565 2.611794
2753.311927 2.639958
2772.205001 2.653043
0.000000 0.014982
20.418886 0.173836
55.147482 0.197420
98.999118 0.208208
147.922028 0.232189
198.886478 0.263353
249.647812 0.292366
299.191403 0.318746
347.138720 0.349663
393.362970 0.376034
437.907333 0.404897
480.917256 0.431157
522.592708 0.443661
563.151436 0.466564
602.805261 0.487489
641.745517 0.510585
680.135653 0.538474
718.107938 0.550479
755.765384 0.573408
793.183656 0.596307
830.414720 0.607258
867.493057 0.626568
904.437288 0.652667
941.256557 0.695259
977.951775 0.719535
1014.519275 0.743266
1050.952611 0.773229
1087.244137 0.795127
1123.386532 0.808742
1159.371881 0.829518
1195.194064 0.991476
1230.847999 1.008036
1266.329150 1.032901
1301.634672 1.045509
1336.762321 1.075565
1371.710182 1.105413
1406.477539 1.138502
1441.064058 1.165585
1475.469465 1.190000
1509.693645 1.211557
1543.737029 1.235338
1577.599726 1.250456
1611.282114 1.266426
1644.784462 1.291539
1678.106824 1.312410
1711.249690 1.339117
1744.212839 1.346069
1776.996761 1.375104
1809.601454 1.406415
1842.026917 1.434452
1874.273423 1.458343
1906.340751 1.482073
1938.228903 1.511243
1969.937820 1.520446
2001.467775 1.547984
2032.818550 1.571582
2063.990117 1.596523
2094.982502 1.622260
2125.795814 1.755867
2156.429996 1.771663
2186.884914 1.788783
2217.160702 1.818235
2247.257333 1.847186
2277.174724 1.877084
2306.913038 1.886106
2336.472031 1.915347
2365.851838 1.946037
2395.052511 1.973771
2424.073890 1.981193
2452.916162 2.006333
2481.579220 2.017657
2510.063090 2.039784
2538.367744 2.066702
2566.493211 2.074685
2594.439434 2.100587
2622.206577 2.126051
2649.794395 2.151306
2677.203133 2.177501
2704.432546 2.192159
2731.482850 2.210023
2758.353937 2.247940
2785.045835 2.272399
2811.558623 2.298160
2837.892086 2.309350
2864.046467 2.332764
2890.021522 2.356250
2915.817467 2.369933
2941.434194 2.393085
2966.871730 2.420025
2992.130049 2.591485
3017.209148 2.608186
3042.109166 2.632258
3066.829856 2.646908
3091.371464 2.670863
3115.733825 2.726215
3139.916996 2.764277
3163.920947 2.800752
3187.745692 2.826452
3211.391233 2.846436
3234.857609 2.864912
0.000000 0.029167
22.761760 0.091627
61.695504 0.150381
111.117367 0.193590
166.533545 0.224680
224.559703 0.256236
282.654080 0.297251
339.089188 0.328913
393.365792 0.361412
445.424276 0.390949
495.389671 0.401619
543.492906 0.423975
590.012467 0.449769
635.236524 0.473228
679.434990 0.498617
722.845663 0.512050
765.666744 0.532055
808.056372 0.561568
850.134337 0.739066
891.986550 0.763900
933.671455 0.773565
975.224207 0.796243
1016.664436 0.822279
1057.998072 0.847553
1099.223950 0.873165
1140.335367 0.886001
1181.322995 0.903800
1222.176546 0.928642
1262.886152 0.951353
1303.442191 0.976162
1343.837247 0.987140
1384.064844 1.007801
1424.119993 1.025648
1463.998968 1.035741
1503.699581 1.056687
1543.219812 1.081814
1582.558838 1.099799
1621.716056 1.108059
1660.691804 1.128973
1699.485805 1.147089
1738.098719 1.155520
1776.530594 1.175373
1814.781920 1.196081
1852.852917 1.227039
1890.744025 1.249166
1928.455394 1.258901
1965.987363 1.274238
2003.340033 1.299413
2040.513400 1.320338
2077.507626 1.341360
2114.322767 1.454703
2150.958874 1.468758
2187.415783 1.485465
2223.693654 1.504700
2259.792487 1.529675
2295.712169 1.556376
2331.452647 1.568915
2367.014109 1.589489
2402.396366 1.610766
2437.599468 1.634437
2472.623388 1.656069
2507.468153 1.664275
2542.133734 1.685353
2576.620131 1.699792
2610.927345 1.719627
2645.055373 1.747992
2679.004242 1.769287
2712.773925 1.779370
2746.364311 1.802589
2779.775509 1.821352
2813.007631 1.836332
2846.060454 1.852357
2878.934115 1.871614
2911.628672 1.893102
2944.143955 1.912609
2976.480049 1.923601
3008.636978 1.940508
3040.614692 1.959174
3072.413241 1.969726
3104.032574 1.992135
3135.472742 2.011102
3166.733608 2.038369
3197.815393 2.048032
3228.717958 2.069628
3259.441304 2.082735
3289.985484 2.102794
3320.350472 2.127502
3350.536268 2.149089
3380.542815 2.269438
3410.370251 2.283627
3440.018426 2.301102
3469.487421 2.315860
3498.777209 2.341120
3527.887830 2.350215
3556.819257 2.369135
3585.571491 2.391848
3614.144530 2.409167
3642.538334 2.430078
3670.752998 2.440325
3698.788413 2.459217
0.000000 0.017391
25.128445 0.049923
68.189055 0.074528
123.005226 0.099441
184.485951 0.124340
248.916616 0.148561
313.583051 0.173147
376.560174 0.189154
436.948914 0.205861
494.725586 0.230141
550.069394 0.260972
603.272451 0.284424
654.674681 0.309187
704.619279 0.331615
753.424376 0.354910
801.367245 0.377602
848.676937 0.396670
895.534166 0.406575
942.074852 0.425491
988.395265 0.444866
1034.560155 0.467529
1080.608304 0.492081
1126.559063 0.514292
1172.418118 0.521816
1218.182445 0.546458
1263.843467 0.565515
1309.389558 0.574136
1354.808169 0.596710
1400.087451 0.613475
1445.216657 0.636871
1490.186995 0.769260
1534.991032 0.783732
1579.623091 0.799315
1624.079172 0.823708
1668.356378 0.835569
1712.452734 0.856002
1756.367246 0.878434
1800.099524 0.898801
1843.649939 0.915000
1887.018053 0.927952
1930.204615 0.946666
1973.210006 0.969232
2016.034440 0.993269
2058.678807 1.007776
2101.143000 1.017773
2143.427448 1.031774
2185.532423 1.060278
2227.458057 1.084335
2269.204485 1.097837
2310.771705 1.113142
2352.159988 1.137017
2393.369086 1.160007
2434.399135 1.174030
2475.250105 1.192020
2515.922051 1.213019
2556.414887 1.235950
2596.728695 1.241981
2636.863311 1.259260
2676.818733 1.281691
2716.594988 1.289779
2756.192156 1.311721
2795.610155 1.333136
2834.848928 1.355993
2873.908530 1.363024
2912.788934 1.384202
2951.490138 1.403393
2990.012169 1.411093
3028.355079 1.434951
3066.518708 1.578656
3104.503242 1.601882
3142.308465 1.611841
3179.934607 1.642691
3217.381423 1.671459
3254.649171 1.700203
3291.737701 1.728137
3328.646985 1.738551
3365.377132 1.765086
3401.928073 1.787880
3438.299862 1.808707
3474.492391 1.816581
3510.505780 1.838446
3546.339909 1.856125
3581.994885 1.884378
3617.470667 1.891984
3652.767302 1.911326
3687.884682 1.919695
3722.822908 1.942614
3757.581932 1.965638
3792.161755 1.987351
3826.562396 2.008860
3860.783807 2.016615
3894.826044 2.035559
3928.689105 2.053320
3962.372932 2.060760
3995.877584 2.087691
4029.203057 2.106772
4062.349323 2.131731
4095.316386 2.144616
4128.104270 2.160261
4160.712951 2.176700
0.000000 0.025440
27.482280 0.074826
74.802442 0.082496
135.301635 0.106379
203.574256 0.130609
275.560572 0.154252
348.200432 0.179221
419.310199 0.187131
487.436573 0.212162
552.060140 0.230233
613.506791 0.254086
672.221382 0.262483
728.686773 0.287838
783.372634 0.312141
836.701623 0.336158
889.034489 0.343953
940.664076 0.469322
991.816240 0.486165
1042.657757 0.500709
1093.303902 0.520058
1143.829507 0.538578
1194.276188 0.547245
1244.663185 0.565131
1294.992972 0.586178
1345.257058 0.591063
1395.441410 0.614133
1445.529444 0.636381
1495.503553 0.654592
1545.348141 0.676518
1595.049074 0.686605
1644.594629 0.704998
1693.975582 0.721912
1743.184843 0.732624
1792.217638 0.748497
1841.070418 0.768732
1889.740993 0.776532
1938.228720 0.794149
1986.533225 0.815167
2034.654183 0.831867
2082.592217 0.856627
2130.348002 0.864286
2177.922074 0.885620
2225.314902 0.898013
2272.527227 0.919566
2319.559295 0.927229
2366.411642 0.944712
2413.084425 0.967164
2459.577978 0.989400
2505.892433 0.997314
2552.027697 1.013750
2597.983970 1.031805
2643.761295 1.044774
2689.359532 1.062046
2734.778815 1.090140
2780.019006 1.112388
2825.080216 1.129335
2869.962376 1.150198
2914.665414 1.284518
2959.189261 1.302080
3003.534007 1.316351
3047.699536 1.341245
3091.685961 1.350768
3135.493245 1.374520
3179.121309 1.398084
3222.570208 1.422527
3265.839940 1.447581
3308.930448 1.475837
3351.841844 1.500469
3394.574015 1.510986
3437.126981 1.533173
3479.500753 1.555801
3521.695377 1.577960
3563.710804 1.606090
3605.547081 1.628156
3647.204128 1.654121
3688.682028 1.680199
3729.980724 1.691040
3771.100245 1.709028
3812.040572 1.734797
3852.801711 1.742443
3893.383656 1.760822
3933.786422 1.772514
3974.009997 1.799560
4014.054404 1.818038
4053.919592 1.841810
4093.605604 1.853468
4133.112423 1.872110
4172.440051 1.887968
4211.588488 1.912555
4250.557744 1.933443
4289.347801 1.952871
4327.958670 2.066657
4366.390343 2.081446
4404.642838 2.097874
4442.716125 2.118143
4480.610227 2.145306
4518.325146 2.176750
4555.860859 2.204292
4593.217389 2.217583
4630.394708 2.238616
0.000000 0.025620
29.794189 0.056022
81.110555 0.074915
146.744263 0.093127
220.721523 0.202918
298.324109 0.218263
376.152375 0.233482
452.123812 0.250256
524.901414 0.275216
594.234423 0.285612
660.416084 0.301924
723.868288 0.320026
785.059611 0.329029
844.451637 0.347814
902.464300 0.371116
959.457969 0.393775
1015.726753 0.411035
1071.499667 0.418544
1126.946371 0.440633
1182.185564 0.460704
1237.294916 0.476771
1292.319071 0.499510
1347.278935 0.508860
1402.178721 0.529101
1457.011288 0.551714
1511.763767 0.568383
1566.419648 0.590256
1620.962164 0.600445
1675.375744 0.619156
1729.646348 0.640406
1783.762042 0.653376
1837.713942 0.665399
1891.494522 0.689542
1945.098932 0.708299
1998.523679 0.731772
2051.766554 0.748144
2104.826638 0.771562
2157.703149 0.782171
2210.396420 0.798184
2262.906887 0.815154
2315.234885 0.826103
2367.381188 0.845248
2419.346201 0.867311
2471.130528 0.888424
2522.734675 1.001535
2574.158978 1.022941
2625.403688 1.045027
2676.469058 1.057217
2727.355254 1.079660
2778.062274 1.100467
2828.590236 1.124274
2878.939272 1.134677
2929.109179 1.151636
2979.100142 1.173046
3028.911955 1.195184
3078.544746 1.205315
3127.998486 1.223524
3177.273066 1.242515
3226.368492 1.255104
3275.284748 1.272880
3324.021941 1.294513
3372.579861 1.317039
3420.958607 1.340551
3469.158178 1.352118
3517.178623 1.368104
3565.019789 1.387344
3612.681825 1.409082
3660.164632 1.431302
3707.468207 1.449131
3754.592655 1.457073
3801.537867 1.483850
3848.303900 1.504601
3894.890755 1.516869
3941.298422 1.531503
3987.526859 1.554658
4033.576126 1.566424
4079.446195 1.584391
4125.137084 1.608656
4170.648792 1.624920
4215.981270 1.649619
4261.134591 1.659395
4306.108706 1.676567
4350.903622 1.694511
4395.519348 1.808251
4439.955892 1.822548
4484.213207 1.839049
4528.291357 1.859491
4572.190316 1.881590
4615.910075 1.889340
4659.450618 1.910728
4702.811987 1.934426
4745.994144 1.953361
4788.997127 1.975805
4831.820896 1.984706
4874.465458 2.003791
4916.930840 2.027671
4959.217056 2.050524
5001.324011 2.067024
5043.251821 2.077552
5085.000395 2.098092
0.000000 0.020208
3.821920 0.043421
8.445742 0.063935
14.038218 0.075251
20.696242 0.096312
28.466029 0.119354
37.352735 0.142356
47.327305 0.160854
58.324396 0.169169
70.248063 0.185977
82.302354 0.195891
93.357012 0.215190
104.069606 0.238770
115.197250 0.246213
127.231183 0.264365
140.408768 0.285417
154.996029 0.307018
171.021171 0.334810
188.596173 0.358896
207.758108 0.384393
228.530274 0.394373
250.821548 0.411567
271.363673 0.436039
290.826630 0.454921
309.565719 0.476303
327.781699 0.487273
345.547107 0.505455
362.828019 0.524325
379.627397 0.532348
395.837878 0.555892
411.533780 0.571172
426.698426 0.597098
440.522832 0.604051
451.700429 0.623588
460.663384 0.739221
467.811368 0.758019
473.530691 0.776940
478.024828 0.786734
481.628916 0.810045
484.712216 0.828259
487.616574 0.833648
490.426644 0.852321
492.915335 0.862577
495.753856 0.879814
499.446759 0.898422
504.380147 0.909141
510.823994 0.930055
518.941606 0.949310
528.801206 0.956145
540.240371 0.979340
552.991891 0.995238
567.117824 1.017636
582.657168 1.028178
599.594793 1.050248
617.784147 1.067819
637.114580 1.078966
657.529962 1.094665
678.314016 1.109543
698.702336 1.123146
718.115639 1.146253
736.124602 1.166821
752.429493 1.182196
766.842992 1.205573
779.266106 1.216141
789.664868 1.236089
798.050623 1.248365
804.466545 1.261703
809.014438 1.281964
811.888554 1.289309
813.299014 1.312249
813.997359 1.330170
814.743116 1.351147
816.167629 1.371473
818.711700 1.379444
822.623648 1.400980
828.052823 1.420623
835.074431 1.531016
843.698713 1.549667
853.895314 1.571393
865.523995 1.583785
878.467926 1.605045
892.766111 1.622107
907.782267 1.645543
922.804513 1.654254
937.251891 1.676273
950.713182 1.708206
962.913051 1.713293
973.683726 1.740431
982.941322 1.748451
990.657172 1.768518
996.842507 1.786384
1002.214042 1.806905
1006.830321 1.820272
1010.555849 1.844439
1013.246939 1.867399
1015.370020 1.878175
1016.804037 1.900281
1017.932067 1.928435
1019.152673 1.948307
1020.154197 1.972308
0.000000 0.022839
32.232885 0.061260
87.960324 0.070022
159.570838 0.089847
240.825772 0.112483
326.965366 0.135515
414.391878 0.162141
500.528717 0.182538
583.650626 0.196204
662.707071 0.212473
737.208731 0.237046
807.646806 0.252946
874.790402 0.264737
939.372468 0.285120
1002.044462 0.302943
1063.355519 0.310974
1123.745466 0.334362
1183.551194 0.350961
1243.017287 0.372131
1302.311060 0.382678
1361.537693 0.401166
1420.754668 0.426016
1479.984577 0.446942
1539.227121 0.473941
1598.466091 0.495108
1657.678003 0.518691
1716.835785 0.542888
1775.912211 0.549847
1834.882817 0.572182
1893.725781 0.596926
1952.423772 0.706705
2010.962748 0.729101
2069.332647 0.738523
2127.525997 0.758578
2185.538032 0.778789
2243.365953 0.788068
2301.008241 0.806859
2358.464723 0.818040
2415.735580 0.842304
2472.821569 0.866847
2529.723605 0.903394
2586.442602 0.924325
2642.979553 0.952834
2699.335259 0.992030
2755.510291 1.029137
2811.505411 1.057669
2867.320845 1.088590
2922.956992 1.119118
2978.414154 1.147301
3033.692247 1.181442
3088.791404 1.209940
3143.711715 1.239996
3198.453215 1.264975
3253.015745 1.293113
3307.399301 1.324059
3361.603920 1.348354
3415.629502 1.364143
3469.476004 1.384252
3523.143483 1.398603
3576.631877 1.540686
3629.941050 1.566050
3683.071133 1.577297
3736.022049 1.599003
3788.793793 1.627521
3841.386386 1.653345
3893.799809 1.689614
3946.034043 1.721871
3998.089106 1.744913
4049.965003 1.766099
4101.661718 1.774704
4153.179268 1.802264
4204.517634 1.824016
4255.676815 1.845491
4306.656839 1.864200
4357.457696 1.879078
4408.079367 1.894965
4458.521860 1.913934
4508.785163 1.944883
4558.869297 1.967711
4608.774241 1.978821
4658.500042 1.997838
4708.046622 2.019036
4757.414048 2.042907
4806.602291 2.055127
4855.611349 2.075671
4904.441223 2.102324
4953.091912 2.110128
5001.563415 2.134267
5049.855722 2.148097
5097.968853 2.159248
5145.902785 2.179052
5193.657541 2.203037
5241.233098 2.338387
5288.629466 2.352699
5335.846703 2.366792
5382.884693 2.387076
5429.743551 2.412051
5476.423157 2.420857
5522.923514 2.442817
5569.244743 2.462795
0.000000 0.025062
34.534770 0.076029
94.177336 0.104235
170.759877 0.128813
257.475324 0.153863
348.935022 0.190735
441.073833 0.351804
531.112456 0.369300
617.570463 0.385671
699.637294 0.422252
777.462929 0.450270
851.671544 0.457960
922.930783 0.481325
991.882629 0.508970
1059.101513 0.531313
1125.073008 0.540285
1190.188666 0.568458
1254.749569 0.595456
1318.975314 0.625965
1383.017047 0.660123
1446.970900 0.685153
1510.889500 0.712243
1574.795383 0.736813
1638.689262 0.764851
1702.558362 0.792200
1766.382481 0.802877
1830.137912 0.823213
1893.801474 0.834968
1957.350834 0.864186
2020.767597 0.891461
2084.035895 0.912818
2147.143104 0.946349
2210.080601 0.975625
2272.841292 1.167404
2335.421344 1.182666
2397.817783 1.199292
2460.029475 1.222460
2522.055992 1.233707
2583.897692 1.253996
2645.555057 1.286047
2707.028839 1.303976
2768.320042 1.337747
2829.429453 1.365914
2890.357645 1.376144
2951.105343 1.401456
3011.673111 1.420675
3072.061224 1.449290
3132.269958 1.476186
3192.299568 1.484332
3252.150086 1.506650
3311.821635 1.531491
3371.314318 1.554236
3430.627940 1.576242
3489.762598 1.586747
3548.718239 1.609130
3607.494851 1.635911
3666.092418 1.656927
3724.510896 1.683302
3782.750223 1.709310
3840.810439 1.720392
3898.691454 1.740900
3956.393340 1.764134
4013.916012 1.783390
4071.259504 1.908542
4128.423832 1.933615
4185.408952 1.946683
4242.214864 1.977127
4298.841585 2.009321
4355.289139 2.040441
4411.557484 2.074802
4467.646618 2.110916
4523.556579 2.148285
4579.287351 2.179737
4634.838937 2.213694
4690.211316 2.239787
4745.404499 2.270473
4800.418517 2.296481
4855.253334 2.328267
4909.908950 2.362602
4964.385373 2.390234
5018.682576 2.420836
5072.800638 2.432838
5126.739472 2.460047
5180.499141 2.486234
5234.079606 2.512891
5287.480940 2.541707
5340.702927 2.571576
5393.745854 2.699534
5446.609505 2.721633
5499.294000 2.731939
5551.799338 2.762105
5604.125449 2.784504
5656.272354 2.806854
5708.240081 2.831109
5760.028602 2.843948
5811.637965 2.863681
5863.068051 2.886016
5914.318979 2.910538
5965.390750 2.920556
6016.283292 2.943759
0.000000 0.012024
4.587712 0.033815
9.089169 0.057714
13.622920 0.080777
18.293722 0.109783
23.426413 0.134827
29.169191 0.159223
35.583594 0.174237
42.696337 0.192791
50.681625 0.218290
59.427488 0.241864
68.738911 0.368297
78.433200 0.394339
88.408755 0.403908
98.836663 0.429061
109.793136 0.458941
121.625098 0.469864
134.532211 0.493602
148.720370 0.515873
164.078966 0.537624
180.435893 0.563845
197.823218 0.577646
216.150305 0.593787
235.483552 0.616988
255.796282 0.638158
277.145255 0.663229
299.032206 0.670777
320.837333 0.697260
342.138980 0.723158
362.362080 0.748168
381.061372 0.769305
397.978780 0.795305
413.037235 0.822046
426.272388 0.835686
437.767648 0.856155
447.632159 0.880602
456.017940 0.905143
463.256108 0.933182
469.489976 0.961856
474.657651 0.973508
478.896955 0.994682
482.336459 1.019829
485.029765 1.030774
487.282730 1.053697
489.570644 1.194426
492.418381 1.212062
496.274871 1.227252
501.480526 1.246417
508.255857 1.273863
516.687771 1.301781
526.737338 1.307899
538.296557 1.334777
551.259683 1.355786
565.548156 1.376746
581.172564 1.387802
598.097342 1.410166
616.283939 1.429682
635.650880 1.452713
656.109529 1.481728
676.880204 1.502749
697.142881 1.528122
716.294121 1.543691
733.922046 1.568194
749.765731 1.581861
763.680178 1.599801
775.605958 1.622586
785.539985 1.645711
793.518227 1.667888
799.605570 1.676853
803.999338 1.698804
806.924117 1.717998
809.036307 1.741669
811.123947 1.752445
813.528900 1.773127
816.638120 1.801948
820.810144 1.811564
826.294878 1.837271
833.243016 1.986412
841.728986 2.000812
851.769252 2.021426
863.339964 2.043514
876.390728 2.098292
890.854870 2.127087
906.663136 2.185385
923.756664 2.225743
942.098228 2.268956
961.666318 2.312323
982.463048 2.362386
1003.776403 2.424967
1024.812010 2.456630
1044.939706 2.496805
1063.695162 2.527136
1080.766567 2.561176
1095.963461 2.591236
1109.186964 2.609898
1120.403434 2.627374
1129.620826 2.664789
1136.871154 2.861076
1142.195110 2.879724
1145.633684 2.893257
0.000000 0.020151
36.940583 0.082331
101.006937 0.092873
183.597767 0.112308
277.571239 0.144277
377.462427 0.171309
479.192441 0.202925
579.835536 0.223793
677.428175 0.254582
770.771932 0.281448
859.247264 0.302660
942.650678 0.326532
1021.427841 0.351135
1096.604476 0.365529
1169.099664 0.386949
1239.692831 0.413593
1309.012086 0.440981
1377.541308 0.465181
1445.634051 0.491641
1513.533847 0.517314
1581.395990 0.673573
1649.306633 0.692028
1717.302829 0.706768
1785.386304 0.728441
1853.537795 0.737990
1921.724994 0.755284
1989.910838 0.767895
2058.057508 0.786887
2126.130206 0.810158
2194.098721 0.824083
2261.938038 0.843729
2329.628221 0.872780
2397.154593 0.896452
2464.506543 0.922982
2531.677090 0.948589
2598.661964 0.972059
2665.459018 0.991247
2732.067574 1.005107
2798.487923 1.027193
2864.721205 1.056240
2930.768579 1.082521
2996.631286 1.095925
3062.310642 1.110376
3127.807889 1.135713
3193.123864 1.160382
3258.259442 1.168590
3323.215232 1.198612
3387.991610 1.221383
3452.588914 1.244605
3517.007368 1.270632
3581.247004 1.297445
3645.307901 1.314531
3709.190005 1.327436
3772.893358 1.338504
3836.417849 1.460206
3899.763469 1.480355
3962.930144 1.504575
4025.917827 1.514754
4088.726499 1.539298
4151.356084 1.565951
4213.806606 1.591988
4276.077984 1.610375
4338.170248 1.643597
4400.083355 1.651289
4461.817322 1.671580
4523.372127 1.696091
4584.747796 1.713277
4645.944278 1.732508
4706.961563 1.761708
4767.799753 1.784840
4828.458732 1.807499
4888.938574 1.834651
4949.239279 1.848283
5009.360776 1.866661
5069.303132 1.889946
5129.066278 1.914900
5188.650337 1.945866
5248.055131 1.963779
5307.280831 1.981372
5366.327379 2.009116
5425.194662 2.042731
5483.882790 2.072598
5542.391878 2.107541
5600.721693 2.143330
5658.872351 2.319073
5716.843852 2.352834
5774.636079 2.387030
5832.249262 2.415670
5889.683169 2.426246
5946.937917 2.456114
6004.013502 2.483758
6060.909925 2.514204
6117.627069 2.542507
6174.165164 2.574173
6230.524096 2.600688
6286.703749 2.612118
6342.704233 2.637996
6398.525555 2.671196
6454.167711 2.699116
6509.630693 2.726135
0.000000 0.028501
39.337092 0.088920
107.465810 0.117783
195.306080 0.146588
295.260295 0.172174
401.301225 0.194411
509.017737 0.222513
615.468815 0.230397
718.697411 0.253499
817.527764 0.275297
911.371312 0.300810
1000.060293 0.328349
1083.925256 0.356187
1164.001026 0.366443
1241.250818 0.388369
1316.493313 0.406304
1390.390015 0.430833
1463.451217 0.444486
1536.051265 0.464369
1608.448151 0.487885
1680.807106 0.512047
1753.221167 0.540934
1825.730487 0.697028
1898.338460 0.713869
1971.025541 0.729196
2043.758849 0.751812
2116.499652 0.763780
2189.208799 0.781663
2261.849950 0.802551
2334.391184 0.814293
2406.806393 0.832784
2479.074625 0.840496
2551.180290 0.866094
2623.112266 0.874258
2694.862954 0.895229
2766.427892 0.917154
2837.804786 0.937297
2908.992819 0.950894
2979.992390 0.968310
3050.804429 0.995948
3121.430243 1.018004
3191.871199 1.044047
3262.128606 1.067980
3332.203716 1.089248
3402.097512 1.102631
3471.810780 1.123976
3541.344225 1.155397
3610.698331 1.176607
3679.873281 1.211936
3748.869385 1.237008
3817.686754 1.259733
3886.325369 1.267719
3954.785235 1.296600
4023.066360 1.317741
4091.168695 1.328551
4159.092140 1.357127
4226.836678 1.513693
4294.402251 1.530468
4361.788805 1.542271
4428.996311 1.565575
4496.024723 1.577138
4562.874051 1.602410
4629.544237 1.626013
4696.035309 1.647065
4762.347219 1.663072
4828.479964 1.685914
4894.433570 1.714833
4960.208062 1.744118
5025.803322 1.762858
5091.219466 1.796080
5156.456488 1.818875
5221.514275 1.830215
5286.392998 1.847467
5351.092476 1.876783
5415.612824 1.901119
5479.953998 1.931069
5544.116027 1.942996
5608.098934 1.965055
5671.902582 1.991110
5735.527217 2.004481
5798.972603 2.031260
5862.238738 2.060453
5925.325856 2.096605
5988.233696 2.139988
6050.962418 2.192993
6113.511861 2.398791
6175.882295 2.415224
6238.073473 2.434354
6300.085504 2.464990
6361.918277 2.501473
6423.571901 2.538984
6485.046351 2.572333
6546.341677 2.605229
6607.457853 2.636216
6668.394681 2.646142
6729.152443 2.670961
6789.730942 2.705229
6850.130399 2.731012
6910.350813 2.761758
6970.391740 2.789574
0.000000 0.018782
5.411590 0.043590
9.419325 0.068102
12.730276 0.094669
16.925702 0.118974
23.227926 0.129021
31.242969 0.156655
39.858758 0.177307
48.308147 0.196288
56.575443 0.219106
64.958392 0.231971
73.695525 0.255481
83.004890 0.279373
93.091052 0.309267
103.993116 0.336171
115.355902 0.366778
126.726421 0.396309
137.788688 0.405746
148.063404 0.438364
157.344465 0.468361
164.914012 0.497688
170.517562 0.524612
174.527316 0.549967
177.531915 0.689903
180.106521 0.706881
182.423003 0.725002
184.530249 0.745877
186.471920 0.755361
188.303548 0.779735
189.891727 0.804807
191.555204 0.814552
193.397253 0.837735
195.572856 0.866249
198.157351 0.893255
200.763538 0.917490
203.190970 0.925658
205.474154 0.949984
207.431419 0.975872
209.041528 1.003855
210.499018 1.025908
211.568329 1.046666
212.214735 1.060380
212.449211 1.078954
211.925835 1.114264
210.668685 1.137237
208.997446 1.156656
207.095277 1.168304
205.322731 1.198315
204.010246 1.224500
203.015381 1.249088
202.406548 1.270270
201.929612 1.294407
201.686380 1.319060
201.579668 1.326305
201.846414 1.348464
202.649258 1.462231
204.060693 1.480387
205.752455 1.499663
207.548025 1.515033
209.125225 1.533260
210.518130 1.558408
211.821043 1.575230
212.760366 1.601451
213.381148 1.611301
213.460219 1.639577
213.126727 1.667804
212.244822 1.680565
210.906350 1.703603
209.141275 1.732599
207.347160 1.761552
205.598743 1.789827
204.181520 1.814303
203.030439 1.851627
202.308050 1.876610
201.900953 1.908626
201.982475 1.937125
202.428118 1.970712
203.360839 1.995313
204.685104 2.018576
206.396308 2.029492
208.132270 2.054505
209.852501 2.074473
211.278649 2.105959
212.473819 2.121420
213.441594 2.140063
214.119391 2.164562
214.271390 2.314657
214.042819 2.330309
213.309924 2.352267
212.135237 2.362312
210.514383 2.389550
208.804562 2.414999
207.078143 2.427997
205.693668 2.446309
204.578070 2.475620
203.882963 2.504278
203.494260 2.533997
203.578390 2.558656
204.011896 2.574545
204.905154 2.598791
