0.000000 0.133036
13.574620 0.154531
7.402683 0.183606
27.009590 0.214646
64.290641 0.235039
108.182823 0.261523
154.987601 0.279694
202.327582 0.308429
249.144143 0.335259
294.856702 0.345840
339.172003 0.369047
382.001369 0.399031
423.392331 0.427119
463.475281 0.456677
502.422258 0.481581
540.417773 0.508765
577.639935 0.536634
614.248623 0.559594
650.379302 0.587395
686.141403 0.612688
721.619146 0.639639
756.873909 0.663648
791.948448 0.693594
826.869326 0.715518
861.651860 0.743637
896.302124 0.769636
930.820457 0.794747
965.203397 0.933177
999.445059 0.952248
1033.538912 0.974219
1067.478351 0.985769
1101.257262 1.003350
1134.870160 1.029275
1168.312794 1.054347
1201.581693 1.073135
1234.674105 1.087778
1267.588185 1.104206
1300.322854 1.125302
1332.877250 1.138162
1365.250910 1.165677
1397.443807 1.201405
1429.456026 1.226504
1461.287723 1.237220
1492.939199 1.260263
1524.410426 1.285437
1555.701808 1.311265
1586.813622 1.335095
1617.745882 1.359971
1648.498692 1.385141
1679.072353 1.411798
1709.466698 1.436651
1739.681987 1.467001
1769.718231 1.489177
1799.575229 1.514552
1829.253202 1.540986
1858.752148 1.568963
1888.071952 1.594935
1917.212558 1.621948
1946.174129 1.766168
1974.956524 1.785633
2003.559827 1.806596
2031.983950 1.816619
2060.229003 1.843109
2088.294820 1.871995
2116.181453 1.895199
2143.888958 1.925008
2171.417164 1.957555
2198.766297 1.989284
2225.936296 2.015548
2252.927050 2.042253
2279.738724 2.066197
2306.371040 2.090876
2332.824333 2.116848
2359.098319 2.138017
2385.193223 2.161835
2411.108989 2.191770
2436.845392 2.215852
2462.402710 2.240835
2487.780942 2.267866
2512.979810 2.292832
2537.999649 2.314475
2562.840176 2.345321
2587.501561 2.370449
2611.983745 2.401150
2636.286841 2.544840
2660.410681 2.564464
2684.355377 2.590838
2708.120758 2.602791
2731.707049 2.628255
2755.114141 2.650277
2778.342029 2.682395
2801.390713 2.710081
2824.260193 2.733706
2846.950472 2.760171
2869.461655 2.783808
2891.793637 2.810157
2913.946413 2.833706
2935.919988 2.865753
2957.714244 2.883152
2979.329406 2.915890
0.000000 0.029075
28.384944 0.060115
66.260720 0.080508
110.343810 0.106992
157.259725 0.125163
204.685147 0.153898
251.570329 0.180728
297.338694 0.191309
341.699730 0.214516
384.566757 0.244500
425.988806 0.272588
466.097466 0.302146
505.065741 0.327050
543.078932 0.354234
580.315805 0.382103
616.936794 0.405063
653.077823 0.432864
688.848697 0.458157
724.333948 0.485108
759.595202 0.509117
794.675419 0.539063
829.601319 0.560987
864.388345 0.589106
899.042667 0.615105
933.564703 0.640216
967.951046 0.778646
1002.195856 0.797717
1036.292637 0.819688
1070.234810 0.831238
1104.016284 0.848819
1137.631588 0.874744
1171.076489 0.899816
1204.347525 0.918604
1237.441955 0.933247
1270.357942 0.949675
1303.094416 0.970771
1335.650523 0.983631
1368.025803 1.011146
1400.220239 1.046874
1432.233920 1.071973
1464.067008 1.082689
1495.719809 1.105732
1527.192297 1.130906
1558.484882 1.156734
1589.597846 1.180564
1620.531205 1.205440
1651.285066 1.230610
1681.859734 1.257267
1712.255043 1.282120
1742.471258 1.312470
1772.508391 1.334646
1802.366242 1.360021
1832.045037 1.386455
1861.544773 1.414432
1890.865338 1.440404
1920.006677 1.467417
1948.968955 1.611637
1977.752032 1.631102
2006.355993 1.652065
2034.780751 1.662088
2063.026420 1.688578
2091.092831 1.717464
2118.980038 1.740668
2146.688099 1.770477
2174.216843 1.803024
2201.566498 1.834753
2228.737002 1.861017
2255.728246 1.887722
2282.540396 1.911666
2309.173173 1.936345
2335.626914 1.962317
2361.901334 1.983486
2387.996660 2.007304
2413.912837 2.037239
2439.649638 2.061321
2465.207344 2.086304
2490.585954 2.113335
2515.785188 2.138301
2540.805385 2.159944
2565.646259 2.190790
2590.307983 2.215918
2614.790497 2.246619
2639.093914 2.390309
2663.218067 2.409933
2687.163069 2.436307
2710.928747 2.448260
2734.515328 2.473724
2757.922703 2.495746
2781.150868 2.527864
2804.199821 2.555550
2827.069564 2.579175
2849.760100 2.605640
2872.271533 2.629277
2894.603760 2.655626
2916.756776 2.679175
2938.730585 2.711222
2960.525069 2.728621
2982.140454 2.761359
3003.576741 2.780421
3024.833817 2.804817
0.000000 0.033547
35.162641 0.071651
95.221338 0.079059
168.998087 0.100450
251.418127 0.123282
337.359666 0.148779
423.164193 0.172057
506.346230 0.200533
585.689917 0.223853
661.005267 0.249824
732.717749 0.276586
801.367993 0.302538
867.526675 0.324923
931.737395 0.351862
994.484244 0.381602
1056.174780 0.401478
1117.135692 0.425651
1177.617670 0.448167
1237.801496 0.468363
1297.811898 0.485893
1357.726869 0.512315
1417.588626 0.642442
1477.414102 0.661818
1537.202708 0.689222
1596.942785 0.714051
1656.616361 0.730964
1716.203614 0.751544
1775.683824 0.775579
1815.343652 0.798913
1839.951699 0.829570
1853.815061 0.854493
1860.568932 0.873581
1863.109827 0.901748
1863.621776 0.923533
1863.658655 0.947467
1864.248198 0.972666
1866.005389 0.999186
1873.053831 1.026412
1884.481126 1.049577
1899.371318 1.074630
1916.881878 1.100610
1936.260936 1.117571
1956.866345 1.126587
1978.228665 1.146441
1999.976123 1.170651
2021.856617 1.195582
2043.701902 1.216524
2065.408880 1.242545
2086.922564 1.267514
2108.222383 1.291690
2129.310095 1.322657
2150.201273 1.425791
2170.918110 1.444540
2191.484128 1.468296
2211.923007 1.495945
2232.254291 1.513038
2252.494671 1.526815
2272.656000 1.553131
2292.746879 1.578263
2312.772323 1.600975
2332.734825 1.625866
2352.634097 1.648308
2372.468702 1.672292
2392.236008 1.690259
2411.932338 1.709730
2431.553894 1.732005
2451.096885 1.743247
2470.556877 1.758974
2489.930259 1.784066
2509.213174 1.810065
2528.402224 1.825132
2547.494342 1.843777
2566.486231 1.858863
2585.375376 1.879753
2604.158988 1.908255
2622.834976 1.918852
2641.401099 1.942809
2659.854948 1.971209
2678.194936 1.992745
2696.418934 2.013573
2714.525369 2.037884
2732.512139 2.045735
2750.378040 2.068923
2768.121333 2.088976
2785.740345 2.113546
2803.233808 2.221683
2820.600045 2.239601
2837.837892 2.254122
2854.945895 2.276507
2871.922974 2.302483
2888.767545 2.316764
2905.478626 2.327216
2922.054953 2.336559
2938.495604 2.372801
2954.799174 2.388845
2970.964835 2.415786
2986.991577 2.444152
3002.878326 2.471191
3018.624117 2.495955
3034.228275 2.519806
0.000000 0.020671
8.291836 0.049904
20.206236 0.070345
34.559059 0.096588
50.439012 0.110919
67.134199 0.127437
84.117283 0.147125
101.017049 0.178029
117.592382 0.207695
133.702240 0.232665
149.280356 0.261443
164.312985 0.401200
178.820429 0.419144
192.843035 0.438412
206.430502 0.459246
219.634841 0.470369
232.505028 0.489190
245.084092 0.515018
257.407761 0.535866
269.505403 0.559909
281.398944 0.580995
293.104089 0.596874
304.631669 0.610994
315.988050 0.633021
327.177149 0.649992
338.200195 0.678990
349.057046 0.698110
359.746214 0.728588
370.266215 0.752436
380.615549 0.782938
390.791789 0.802931
400.793437 0.837118
410.619410 0.862042
420.268487 0.883024
429.739448 0.912144
439.032029 0.929142
448.145272 0.947423
457.078914 0.979517
465.833217 1.001118
474.408180 1.032004
482.802861 1.052148
491.018202 1.170619
499.054202 1.187585
506.910459 1.201772
514.587374 1.223612
522.084685 1.246041
529.402515 1.254232
536.541542 1.271890
543.500965 1.288717
550.281585 1.304895
556.882460 1.333637
563.304394 1.362402
569.547262 1.392551
575.610786 1.415197
581.495245 1.442958
587.200220 1.473048
592.726532 1.495757
598.073097 1.519513
603.240859 1.545034
608.229014 1.573304
613.038225 1.592428
617.668633 1.602812
622.119434 1.630945
626.391029 1.652391
630.483681 1.676320
634.396725 1.700449
638.130966 1.708086
641.686000 1.733362
645.061288 1.760961
648.258033 1.785845
651.275310 1.811016
654.113243 1.834488
656.771969 1.845110
659.251890 1.971466
661.552605 1.988704
663.673573 2.003085
665.615737 2.020859
667.378695 2.048633
668.962307 2.075239
670.366713 2.099035
671.591912 2.116184
672.638168 2.132095
673.504816 2.160606
674.192659 2.182602
674.701295 2.201109
675.030587 2.214914
675.187852 2.241285
675.230252 2.265908
675.208851 2.297952
675.160769 2.319186
675.111728 2.342991
675.077728 2.373215
675.067707 2.403515
675.085988 2.413389
675.131909 2.437794
675.204512 2.460220
675.299195 2.485384
675.412840 2.495967
675.540984 2.518394
675.680368 2.541196
