0.000000 0.030081
725.422270 0.061819
1282.076828 0.103049
1687.965928 0.173496
1966.424772 0.211426
2142.310066 0.440137
2239.464108 0.485595
2279.194926 0.523512
2279.516577 0.566193
2254.933300 0.613535
2216.580362 0.650641
2172.581967 0.708460
2128.515244 0.757590
2087.906783 0.807572
2052.707974 0.854910
2023.721330 0.877312
2000.959558 0.919756
1983.936120 0.966615
1971.888066 1.009257
1963.938247 1.062076
1959.207309 1.320543
1956.884575 1.347212
1956.266551 1.367548
1956.773822 1.389364
1957.951408 1.430984
1959.458417 1.479801
1961.053733 1.522499
1962.578007 1.562434
1963.936400 1.583049
1965.082040 1.600688
1966.283494 1.617379
1967.515402 1.640062
1968.556540 1.651897
1969.421135 1.707296
1970.132064 1.757506
1970.714458 1.798948
1971.192854 1.828510
1971.589591 2.077223
1971.923486 2.102655
1972.210169 2.126373
1972.461568 2.167127
1972.686843 2.220833
1972.892357 2.245726
1973.082130 2.274819
1973.258925 2.311359
1973.423580 2.362723
1973.576546 2.409853
1973.717200 2.464038
1973.844834 2.503536
1973.958426 2.524673
1974.056891 2.586613
1974.139133 2.611782
1974.204323 2.874931
1958.689739 2.903401
1946.496873 2.915318
1937.724314 2.952743
1932.142645 3.000922
1929.179129 3.033707
1928.268151 3.076878
1928.850941 3.107127
1930.482048 3.140231
1932.826451 3.168972
1935.645925 3.222195
1938.780743 3.261896
1942.132495 3.300316
1945.646425 3.329908
1949.299381 3.361977
1953.087634 3.391495
1957.019184 3.466139
1961.107208 3.638593
1965.366726 3.673396
1969.810714 3.711546
1974.449606 3.743550
1979.290275 3.755857
1984.335942 3.774152
1989.586630 3.781678
1995.039587 3.831405
2000.689833 3.879444
2006.530887 3.921692
2012.555200 3.954204
2018.754451 3.983901
2025.120535 4.012157
2031.644727 4.072530
2038.318683 4.115707
2045.134448 4.129803
2052.084125 4.170947
2059.160406 4.209277
2066.355964 4.258672
2073.663938 4.488800
2081.077890 4.526549
2088.591167 4.542163
2096.197639 4.582578
2103.891514 4.620836
2111.666492 4.663520
2119.517098 4.705320
2127.437630 4.756575
2135.422682 4.802542
2143.466723 4.837637
2151.564463 4.876624
2159.710823 4.926157
0.000000 0.022683
3.723026 0.034518
7.913500 0.089917
12.329094 0.140127
16.779679 0.181569
21.125948 0.211131
25.272855 0.459844
29.161360 0.485276
32.760219 0.508994
36.058288 0.549748
39.058109 0.603454
41.770775 0.628347
44.211870 0.657440
46.398529 0.693980
48.347669 0.745344
50.074514 0.792474
51.592202 0.846659
52.911367 0.886157
54.040315 0.907294
54.985135 0.969234
55.750114 0.994403
56.337943 1.257552
16.244198 1.286022
39.060212 1.297939
86.701640 1.335364
131.920099 1.383543
173.606628 1.416328
211.150682 1.459499
245.051970 1.489748
275.912016 1.522852
304.341061 1.551593
330.904296 1.604816
356.093007 1.644517
380.312650 1.682937
403.882326 1.712529
427.041270 1.744598
449.959318 1.774116
472.749027 1.848760
495.477756 2.021214
518.178986 2.056017
540.862093 2.094167
563.520427 2.126171
586.137748 2.138478
608.693036 2.156773
631.163788 2.164299
653.528518 2.214026
675.767827 2.262065
697.865424 2.304313
719.808082 2.336825
741.585536 2.366522
763.190405 2.394778
784.617463 2.455151
805.863354 2.498328
826.926258 2.512424
847.805235 2.553568
868.500276 2.591898
889.011673 2.641293
909.340036 2.871421
929.486108 2.909170
949.450563 2.924784
969.234152 2.965199
988.837515 3.003457
1008.261030 3.046141
1027.505104 3.087941
1046.570072 3.139196
1065.456097 3.185163
1084.163274 3.220258
1102.691705 3.259245
1121.041438 3.308778
1139.212393 3.363605
1157.204612 3.394606
1175.018084 3.544371
1192.652679 3.565734
1210.108436 3.577032
1227.385292 3.599805
1244.483232 3.624264
1261.402123 3.653340
1278.142083 3.671032
1294.702977 3.689660
1311.084796 3.710253
1327.287661 3.739650
1343.311436 3.768200
1359.156121 3.796330
1374.821820 3.838301
1390.308295 3.863272
1405.615779 3.873256
1420.744144 3.899345
1435.693391 3.928872
1450.463510 3.963035
1465.054619 3.990234
1479.466598 4.001535
1493.699436 4.026588
1507.753131 4.049692
1521.627801 4.061502
1535.323204 4.082651
1548.839575 4.110352
1562.176912 4.135265
1575.334968 4.163246
1588.313990 4.199250
1601.113847 4.359692
0.000000 0.263149
44.918594 0.291619
92.844200 0.303536
141.826974 0.340961
187.476498 0.389140
229.393097 0.421925
267.082660 0.465096
301.084682 0.495345
332.017581 0.528449
360.500484 0.557190
387.103988 0.610413
412.322996 0.650114
436.565538 0.688534
460.152598 0.718126
483.324816 0.750195
506.253071 0.779713
529.050702 0.854357
551.785645 1.026811
574.491810 1.061614
597.178885 1.099764
619.840453 1.131768
642.460443 1.144075
665.017960 1.162370
687.490591 1.169896
709.856920 1.219623
732.097599 1.267662
754.196377 1.309910
776.140055 1.342422
797.918393 1.372119
819.524030 1.400375
840.951754 1.460748
862.198224 1.503925
883.261629 1.518021
904.141039 1.559165
924.836454 1.597495
945.348173 1.646890
965.676811 1.877018
985.823118 1.914767
1005.787772 1.930381
1025.571528 1.970796
1045.175030 2.009054
1064.598660 2.051738
1083.842826 2.093538
1102.907867 2.144793
1121.793949 2.190760
1140.501167 2.225855
1159.029627 2.264842
1177.379375 2.314375
1195.550336 2.369202
1213.542551 2.400203
1231.356011 2.549968
1248.990588 2.571331
1266.446319 2.582629
1283.723145 2.605402
1300.821048 2.629861
1317.739899 2.658937
1334.479815 2.676629
1351.040662 2.695257
1367.422431 2.715850
1383.625242 2.745247
1399.648963 2.773797
1415.493591 2.801927
1431.159232 2.843898
1446.645647 2.868869
1461.953070 2.878853
1477.081374 2.904942
1492.030559 2.934469
1506.800616 2.968632
1521.391662 2.995831
1535.803578 3.007132
1550.036353 3.032185
1564.089985 3.055289
1577.964591 3.067099
1591.659931 3.088248
1605.176240 3.115949
1618.513515 3.140862
1631.671509 3.168843
1644.650470 3.204847
1657.450267 3.365289
1670.070904 3.382027
1682.512489 3.395623
1694.774909 3.420211
1706.858163 3.428303
1718.762237 3.456690
1730.487257 3.486600
1742.033106 3.508941
1753.399780 3.534890
1764.587274 3.575425
1775.595702 3.595333
1786.424835 3.624649
1797.074900 3.651383
1807.545905 3.659381
1817.837601 3.685051
1827.950230 3.696107
1837.883675 3.716438
1847.637923 3.746497
1857.213112 3.771472
1866.609102 3.797119
1875.825904 3.813437
1884.863510 3.829202
0.000000 0.029576
32.564468 0.055928
69.885244 0.113461
108.912609 0.159879
148.990382 0.194425
189.080525 0.223774
228.660700 0.254278
267.387033 0.291123
305.071325 0.353745
341.648752 0.563802
377.145666 0.598219
411.647782 0.640982
445.274540 0.680961
478.158482 0.720765
510.430973 0.752465
542.211428 0.778547
573.602812 0.791446
604.689041 0.812074
635.534829 0.844317
666.187502 0.897625
696.679456 0.942068
727.030339 0.970740
757.250730 1.029512
787.344223 1.081967
817.309421 1.121392
847.141833 1.368472
876.835565 1.405863
906.384097 1.441626
935.780847 1.477203
965.019979 1.530117
994.096058 1.594228
1023.005060 1.633016
1051.743345 1.657665
1080.308417 1.676987
1108.698198 1.727814
1136.911493 1.784541
1164.947185 1.821279
1192.804905 1.852823
1220.484233 1.903608
1247.985189 2.146142
1275.307649 2.163741
1302.451633 2.200730
1329.417394 2.245107
1356.204813 2.261790
1382.814118 2.286514
1409.245299 2.314756
1435.498355 2.339886
1461.573292 2.365629
1487.470243 2.384196
1513.189101 2.428188
1538.729809 2.479357
1564.092298 2.517155
1589.276649 2.591936
1614.282684 2.629548
1639.110395 2.688508
1663.759740 2.729463
1688.230636 2.911177
1712.523090 2.940169
1736.637062 2.982298
1760.572456 3.006483
1784.329263 3.036096
1807.907455 3.045476
1831.307004 3.114590
1854.527884 3.138428
1877.570091 3.176915
1900.433542 3.214723
1923.118275 3.242638
1945.624189 3.271206
1967.951369 3.295946
1990.099694 3.312912
2012.069251 3.367897
2033.859960 3.390075
2055.471808 3.433278
2076.904853 3.462361
2098.158958 3.492044
2119.234183 3.518827
2140.130546 3.720935
2160.847943 3.757009
2181.386466 3.764570
2201.746044 3.804864
2221.926688 3.833091
2241.928407 3.859724
2261.751128 3.870642
2281.394873 3.912741
2299.048993 3.953537
2315.227643 3.991973
2330.331082 4.030854
2344.656672 4.059588
2358.441083 4.089189
2371.863387 4.142023
2385.051990 4.196128
2398.093034 4.235131
2411.039196 4.263124
2423.917960 4.291360
2436.738746 4.321890
2449.498906 4.564457
2462.188397 4.597149
2474.793309 4.626280
2482.569305 4.673030
2486.669169 4.718139
0.000000 0.040905
31.726046 0.067102
55.752558 0.122654
74.100509 0.146287
88.385500 0.162304
100.094781 0.173866
110.435919 0.188730
120.272680 0.225179
130.130193 0.246761
140.257972 0.272067
150.718137 0.279933
161.468692 0.304371
172.425602 0.332730
183.500153 0.344232
194.616932 0.363671
205.719321 0.382054
216.768346 0.398370
227.738980 0.425207
238.615853 0.457590
249.389671 0.510070
260.054538 0.641931
270.606030 0.669968
281.040269 0.678508
291.353348 0.698895
301.541002 0.725152
311.598741 0.769208
321.521948 0.809907
331.305975 0.845191
340.946385 0.868825
350.438875 0.881780
359.779614 0.900115
368.965146 0.921903
377.992353 0.951054
386.858662 0.978288
395.561818 0.994255
404.099932 1.010430
412.471398 1.041665
420.674919 1.062898
428.709437 1.092690
436.574077 1.126064
444.268042 1.159396
451.790727 1.192327
459.141598 1.221142
466.320170 1.231162
473.326048 1.258147
480.158893 1.279948
486.818299 1.405403
493.304009 1.424578
499.615712 1.454276
505.753182 1.484585
511.716107 1.493058
517.504274 1.517356
523.117486 1.539351
528.555541 1.562152
533.818193 1.589981
538.905351 1.595369
543.816729 1.619475
548.552239 1.644361
553.111734 1.671721
557.495083 1.701943
561.702169 1.726374
565.732870 1.734491
569.587032 1.757343
573.264610 1.780257
576.765518 1.790377
580.089675 1.816073
583.237001 1.840280
586.207367 1.851386
589.000826 1.871351
591.617203 1.896570
594.056449 1.918906
596.318626 1.927356
598.403578 1.948383
600.311313 1.969960
602.041800 2.011325
603.594953 2.032821
604.970795 2.061651
606.169361 2.070344
607.190512 2.174725
608.034235 2.194578
608.700626 2.207471
609.189557 2.225764
609.501078 2.246208
609.642422 2.254191
609.670114 2.279700
609.634445 2.307100
609.572291 2.319283
609.508988 2.334819
609.460680 2.357271
609.436294 2.366243
609.439668 2.387824
609.470882 2.415508
609.527896 2.439718
609.607284 2.449222
609.705180 2.472761
609.817602 2.480453
609.940908 2.505943
610.071979 2.531014
610.208185 2.554992
610.347491 2.564680
0.000000 0.028100
22.034337 0.035660
65.854105 0.077241
122.922966 0.103170
188.725251 0.110963
258.854404 0.133063
330.082878 0.141284
400.075931 0.165082
467.249384 0.175536
530.807040 0.194121
591.021167 0.220561
648.358641 0.254082
703.328264 0.285031
756.425001 0.400667
808.095856 0.420509
858.722081 0.448159
908.613194 0.473017
958.008843 0.481511
1007.085505 0.502971
1055.965847 0.526594
1104.728673 0.536759
1153.418951 0.562381
1202.056659 0.591408
1250.644381 0.623268
1299.173478 0.648975
1347.629108 0.659812
1395.993323 0.679214
1444.248015 0.703233
1492.376190 0.714513
1540.362965 0.743789
1588.195903 0.768389
1635.865284 0.782105
1683.363624 0.811189
1730.685578 0.837539
1777.827627 0.862605
1824.787612 0.885257
1871.564235 0.922489
1918.157428 0.949745
1964.567022 0.960026
2010.793584 0.986833
2056.837575 1.011113
2102.699820 1.039917
2148.380677 1.062283
2193.880980 1.086346
2239.201090 1.196985
2284.341368 1.215985
2329.302176 1.245247
2374.083751 1.272022
2418.686097 1.282752
2463.109449 1.305621
2507.353810 1.332292
2551.419175 1.339817
2595.305662 1.374886
2639.013027 1.398754
2682.541513 1.427088
2725.890866 1.455352
2769.061214 1.480572
2812.052429 1.490988
2854.864507 1.514771
2897.497688 1.538938
2939.951492 1.561592
2982.226154 1.602159
3024.321906 1.626232
3066.238276 1.650886
3107.975498 1.680546
3149.533564 1.707692
3190.912484 1.732241
3232.112246 1.740052
3273.132853 1.767776
3313.974069 1.790087
3354.636364 1.811725
3395.119260 1.827192
3435.423238 1.836295
3475.547810 1.858216
3515.493466 1.867043
3555.259720 1.887012
3594.846811 1.993221
3634.254733 2.016962
3673.483736 2.040835
3712.533329 2.073169
3751.403760 2.101031
3790.095020 2.106214
3828.606872 2.134219
3866.939796 2.160287
3905.093552 2.189154
3943.068139 2.198983
3980.863311 2.221278
4018.479559 2.247165
4055.916395 2.281889
4073.059458 2.294058
4074.698056 2.315560
4065.100968 2.341083
4047.868312 2.355381
4025.890028 2.379263
4001.377558 2.410436
3975.936812 2.425734
3950.662724 2.462816
3929.306865 2.500559
3911.523900 2.536144
3896.821848 2.561081
0.000000 0.103688
6.665428 0.120305
11.742834 0.132685
15.415217 0.159668
17.909493 0.170465
19.462342 0.212077
20.297786 0.240909
20.614248 0.254474
20.578020 0.276743
20.322163 0.305735
19.947956 0.328495
19.528662 0.361607
19.114380 0.383888
18.735907 0.413111
18.410276 0.440666
18.143736 0.467734
17.935752 0.490658
17.781184 0.518256
17.672652 0.525677
17.601831 0.552759
17.560331 0.579373
17.540768 0.621515
17.536584 0.652596
17.542344 0.674370
17.554054 0.684724
17.568460 0.711762
17.583517 0.733680
17.597833 0.764727
17.610401 0.793738
17.621039 0.908148
17.629377 0.924412
17.635885 0.938689
17.640531 0.962992
17.643582 0.972191
17.645627 0.999886
17.646666 1.021819
17.646967 1.050400
17.647000 1.077811
17.646663 1.102636
17.646193 1.116066
17.645588 1.142514
17.645102 1.174089
17.644598 1.204446
17.644229 1.231392
17.643860 1.241539
17.643608 1.260728
17.643357 1.272443
17.643239 1.295709
17.643105 1.314359
17.643105 1.336374
17.643105 1.345702
17.643105 1.380449
17.643105 1.397410
17.643105 1.423464
17.643105 1.430911
17.643105 1.458420
17.643223 1.487238
17.643223 1.493416
17.643223 1.522298
17.643223 1.559364
17.643223 1.586252
17.643223 1.696953
17.643223 1.721042
17.643223 1.770406
17.643223 1.821775
17.643223 1.858513
17.643223 1.867673
17.643223 1.897505
17.643223 1.923007
17.643223 1.928789
17.643223 1.946992
17.643223 1.978665
17.643223 2.014198
17.643223 2.043795
17.643223 2.073264
17.643223 2.081673
17.643223 2.110101
17.643223 2.131613
17.643223 2.156380
17.643223 2.179249
17.643223 2.187493
17.643223 2.214609
17.643223 2.237489
17.643223 2.248580
17.643223 2.276508
17.643223 2.295699
17.643223 2.331397
17.643223 2.362583
17.643223 2.373301
17.643223 2.401410
17.643223 2.534656
17.643223 2.559414
17.643223 2.589017
17.643223 2.617867
17.643223 2.624421
17.643223 2.652760
17.643223 2.679538
17.643223 2.708770
17.643223 2.735513
17.643223 2.745806
0.000000 0.022120
41.076738 0.036763
52.221503 0.054530
70.161527 0.075261
121.017414 0.083507
195.439059 0.110719
282.269374 0.139405
374.815377 0.170380
468.749899 0.201107
561.210673 0.214990
650.374215 0.235817
735.177137 0.264828
815.105742 0.273520
890.472113 0.295393
962.182107 0.317761
1031.090350 0.325716
1097.949000 0.349688
1163.384383 0.378640
1227.891724 0.404550
1291.845511 0.429220
1355.512359 0.437729
1419.069902 0.458469
1482.625237 0.478532
1546.232452 0.509541
1609.907789 0.538638
1673.641850 0.546638
1737.410452 0.572483
1801.181263 0.595531
1853.183423 0.606186
1872.710869 0.631776
1867.727685 0.661242
1845.224770 0.790095
1811.020946 0.813987
1769.732064 0.823918
1724.846581 0.848710
1678.864710 0.857343
1633.462322 0.878836
1589.662264 0.893682
1547.993200 0.909384
1508.630342 0.919987
1471.510506 0.948136
1436.425576 0.985405
1411.600234 1.012248
1394.726470 1.024199
1383.730032 1.047831
1376.847883 1.070164
1372.650869 1.096782
1370.029027 1.129731
1368.225664 1.155556
1366.692757 1.195599
1365.049274 1.216817
1363.118037 1.241988
1360.802346 1.268199
1358.090885 1.274249
1355.016834 1.301432
1351.643238 1.315066
1348.046767 1.333434
1344.306675 1.352786
1340.497715 1.376804
1336.685682 1.405243
1332.925160 1.439070
1329.260070 1.556502
1325.723249 1.578908
1322.338292 1.586133
1319.121117 1.612874
1316.081833 1.633797
1313.225258 1.661327
1310.552615 1.686312
1308.063903 1.714530
1305.757014 1.742452
1303.628872 1.754323
1301.676879 1.777349
1299.897772 1.797701
1298.288980 1.817712
1296.848461 1.844936
1295.574161 1.866920
1294.464305 1.896219
1293.518550 1.920253
1292.735400 1.962268
1292.114537 1.982250
1291.655901 2.007185
1291.359238 2.029289
1291.217675 2.043069
1291.179575 2.060729
1291.198755 2.070183
1291.242027 2.095367
1291.285729 2.117507
1291.315552 2.128099
1291.323059 2.154364
1291.305086 2.183828
1291.261636 2.199827
1291.194282 2.210820
1291.106476 2.237895
1291.001834 2.264217
1290.884008 2.411273
1290.755946 2.435827
1290.620822 2.445968
1290.481168 2.464180
1290.338797 2.491432
1290.194818 2.501333
0.000000 0.027358
656.144340 0.052678
1226.481939 0.075202
1710.399797 0.104121
2114.089502 0.149162
2447.545283 0.164221
2722.369423 0.186236
2950.256777 0.213421
3142.066386 0.235498
3307.626730 0.241158
3455.138047 0.266771
3591.036694 0.277685
3720.135112 0.301769
3845.932623 0.321066
3971.320714 0.343455
4098.202943 0.351634
4227.648694 0.376063
4360.114824 0.384800
4495.636073 0.409800
4611.512932 0.432397
4667.808653 0.457667
4679.481424 0.490419
4659.633493 0.514415
4619.127550 0.631900
4566.529300 0.648956
4508.261288 0.662885
4448.875348 0.680165
4391.377505 0.710880
4337.560056 0.736230
4288.308945 0.746599
4243.870388 0.771203
4204.071521 0.793530
4168.491692 0.820109
4136.590512 0.828250
4107.797429 0.850801
4081.569870 0.875816
4057.427753 0.889949
4034.969121 0.918679
4013.875118 0.940188
3993.904466 0.965145
3974.885016 0.972170
3956.702024 0.998873
3939.286358 1.025874
3922.603599 1.049024
3916.472502 1.072611
3923.243253 1.083148
3939.491209 1.099596
3962.338621 1.126610
3989.474642 1.151334
4019.123914 1.182630
4049.985508 1.207424
4081.158994 1.257516
4112.065615 1.293994
4142.374880 1.328646
4171.937672 1.437626
4200.730424 1.463902
4228.757775 1.474656
4256.026274 1.495838
4282.688415 1.516741
4308.895650 1.527391
4334.785910 1.554360
4360.477565 1.576161
4386.015632 1.613812
4411.459087 1.639085
4436.877167 1.647028
4462.292267 1.669066
4487.719308 1.678436
4513.172095 1.697627
4538.659991 1.728958
4564.185989 1.736915
4589.748172 1.757673
4615.341903 1.781856
4640.960378 1.804999
4666.596001 1.818011
4692.241132 1.837549
4717.887979 1.858947
4743.529424 1.864801
4769.158796 1.886627
4794.770262 1.894681
4820.358454 1.917973
4845.918519 1.946141
4871.446301 1.970995
4896.937773 1.981949
4922.389704 2.002970
4947.798647 2.024027
4973.161752 2.050834
4998.476248 2.079147
5023.739230 2.084951
5048.948382 2.109845
5074.100743 2.214874
5099.194162 2.237081
5124.226407 2.247399
5149.194831 2.268818
5174.096933 2.297735
5198.930814 2.323221
5223.694210 2.332787
5248.384913 2.354343
5273.000464 2.378147
5297.539387 2.402308
5321.999097 2.410700
0.000000 0.022977
554.082374 0.032766
948.978693 0.057289
1228.643615 0.091164
1417.156478 0.124390
1534.540822 0.135767
1591.471287 0.151776
1606.151865 0.162292
1594.729606 0.196951
1569.119932 0.226623
1536.584334 0.252783
1502.259039 0.263914
1469.529268 0.287641
1441.389186 0.314874
1414.199944 0.322840
1396.269431 0.354768
1382.286155 0.386281
1368.581295 0.407549
1369.136287 0.439639
1396.238426 0.462897
1440.191573 0.489767
1492.101875 0.519727
1548.262630 0.546002
1588.781318 0.568714
1614.538669 0.595916
1628.219600 0.619069
1632.974032 0.629764
1631.713118 0.652752
1626.898440 0.671945
1620.297963 0.685694
1613.145966 0.811766
1597.595984 0.838474
1585.675443 0.847987
1567.966098 0.874090
1549.324766 0.905472
1526.835534 0.925207
1510.794810 0.947095
1499.944672 0.971150
1493.145049 0.996982
1489.401824 1.010519
1487.872329 1.026304
1487.862695 1.048524
1488.817894 1.070511
1490.311410 1.075373
1492.029395 1.101272
1493.754210 1.110491
1495.346778 1.120769
1496.729049 1.144197
1497.868210 1.165513
1498.762992 1.188903
1499.431836 1.200465
1499.904740 1.223511
1500.216113 1.251539
1500.400899 1.278952
1500.490788 1.303027
1500.513811 1.335053
1500.492745 1.349954
1500.445411 1.372756
1500.385440 1.381798
1500.322210 1.408777
1500.261840 1.447875
1500.208228 1.474807
1500.162943 1.592775
1500.126778 1.606904
1500.099031 1.653238
1500.078818 1.676228
1500.065152 1.703805
1500.056428 1.734273
1500.051705 1.756729
1500.049903 1.791539
1500.049968 1.800265
1500.051227 1.820887
1500.053272 1.835318
1500.055458 1.852138
1500.057700 1.871569
1500.059777 1.896985
1500.061587 1.907173
1500.062991 1.932745
1500.064108 1.954753
1500.064921 1.980953
1500.065550 2.007392
1500.065975 2.014818
1500.066198 2.036645
1500.066318 2.044921
1500.066318 2.065854
1500.066337 2.084029
1500.066255 2.094749
1500.066153 2.111911
1500.066051 2.122793
1500.065950 2.143571
1500.065950 2.167052
1500.065848 2.175897
1500.065867 2.197901
1500.065747 2.217801
1500.065747 2.231238
1500.065747 2.251316
1500.065747 2.272905
1500.065747 2.384522
1500.065747 2.408157
1500.065747 2.415559
