0.000000 0.025971
7.235871 0.052935
14.739378 0.080475
26.741307 0.100297
42.244396 0.122341
60.043257 0.147452
79.179615 0.166402
98.936571 0.191284
118.804104 0.216313
138.441317 0.241225
157.640000 0.264622
176.291600 0.287803
194.358626 0.316681
211.851114 0.338930
228.807989 0.364463
245.283078 0.386662
261.335186 0.409649
277.021412 0.433810
292.393011 0.452960
307.493604 0.482968
322.358198 0.491052
337.013719 0.517897
351.479678 0.539559
365.769332 0.562025
379.891061 0.569993
393.849244 0.587906
407.645548 0.611880
421.279744 0.637082
434.750363 0.668158
448.055338 0.695056
461.192252 0.723994
474.158827 0.752890
486.952973 0.778060
499.572807 0.801625
512.016820 0.822463
524.283848 0.833677
536.372941 0.852876
548.283451 0.882987
560.015066 0.909298
571.567408 0.937142
582.940402 0.964942
594.133913 0.987734
605.147984 1.012762
615.982719 1.039845
626.638103 1.064701
637.114176 1.085817
647.411046 1.104669
657.528816 1.127134
667.467413 1.137527
677.226944 1.153351
686.807453 1.176291
696.208873 1.199318
705.431311 1.209974
714.474698 1.225976
723.339024 1.252941
732.024341 1.289059
740.530582 1.318935
748.857802 1.342553
757.005992 1.364925
764.975026 1.387116
772.765021 1.403853
780.375909 1.416987
787.807749 1.434651
795.060474 1.451168
802.134079 1.469297
809.028563 1.490398
815.743921 1.519369
822.280149 1.537400
828.637306 1.566507
834.815327 1.587422
840.814212 1.617356
846.633956 1.638578
852.274556 1.666195
857.736072 1.694399
863.018383 1.721339
868.121604 1.750371
873.045673 1.775332
877.790531 1.798151
882.356354 1.824397
886.742959 1.844954
890.950470 1.868835
894.978760 1.892888
898.827952 1.914872
902.497985 1.936846
905.988852 1.956885
909.300618 1.981866
912.433158 1.993582
915.386595 2.016464
918.160868 2.045931
920.755973 2.072380
923.171909 2.124209
925.408737 2.138927
927.466341 2.154389
929.344832 2.169431
931.044094 2.187320
932.564246 2.209928
933.905289 2.221545
935.067101 2.239513
936.049803 2.260500
936.853272 2.281895
0.000000 0.012996
8.030174 0.029724
12.723508 0.054149
27.134181 0.072017
47.651641 0.089195
71.169249 0.105830
96.075163 0.132188
121.461141 0.141450
146.735533 0.163055
171.530867 0.190224
195.644054 0.214181
218.989568 0.240184
241.561852 0.264074
263.406058 0.289034
284.594954 0.316331
305.213316 0.348444
325.346184 0.355021
345.071969 0.378158
364.458743 0.406884
383.562325 0.417456
402.426475 0.435496
421.083784 0.450956
439.557101 0.480707
457.861424 0.488594
476.005455 0.509585
493.993251 0.534535
511.825624 0.559807
529.501268 0.577484
547.017578 0.602524
564.371438 0.633681
581.559569 0.655153
598.578778 0.680239
615.426427 0.685784
632.100122 0.718697
648.598049 0.744450
664.918757 0.766578
681.061270 0.792572
697.024818 0.820625
712.809022 0.844211
728.413536 0.868191
743.838327 0.892691
759.083357 0.915498
774.148696 0.943470
789.034409 0.965567
803.740606 0.986479
818.267378 1.004676
832.614817 1.010386
846.783023 1.035474
860.772047 1.058420
874.581918 1.083323
888.212694 1.106188
901.664387 1.133350
914.937002 1.174835
928.030553 1.189691
940.945045 1.209417
953.680460 1.236007
966.236798 1.259421
978.614050 1.267809
990.812211 1.288204
1002.831266 1.312727
1014.671213 1.339827
1026.332039 1.352792
1037.813741 1.377973
1049.116311 1.401873
1060.239747 1.418830
1071.184050 1.448262
1081.949200 1.469300
1092.535214 1.493574
1102.942077 1.502318
1113.169794 1.519473
1123.218355 1.529097
1133.087757 1.547131
1142.778016 1.568895
1152.289120 1.593794
1161.621047 1.620530
1170.773831 1.638277
1179.747450 1.660619
1188.541893 1.672289
1197.157183 1.699300
1205.593310 1.727251
1213.850267 1.749873
1221.928073 1.772963
1229.826692 1.797591
1237.546144 1.826624
1245.086421 1.839675
1252.447544 1.864574
1259.629491 1.890131
1266.632266 1.923859
1273.455835 1.974799
1280.100255 2.007772
1286.565502 2.032498
1292.851575 2.042446
1298.958467 2.064910
1304.886185 2.089895
1310.634722 2.116875
1316.204082 2.147732
1321.594260 2.176773
1326.805261 2.197581
1331.837108 2.225235
1336.689748 2.249656
